1008
398
451
351
116
145
195
216
260
337
369
421
478
563
682
801
1178
1072
915
967
1081
1162
1335
1461
1928
1621
1785
1889
2080
2551
2162
2448
2398
3025
2643
2777
3294
3093
3525
3499
3583
4114
4085
4479
4208
4771
4595
5132
4964
5649
6069
5938
6476
6341
6467
7132
6963
7206
6985
7425
7790
8050
8313
8525
8731
8970
9277
9514
9796
10066
10391
10540
11273
11175
11384
11596
12220
12247
12734
13821
13844
14096
13815
14431
14867
14718
15445
15768
16233
16359
16480
17018
17518
18000
18636
18595
18995
19819
19864
