12032
8716.05
7486.79
6618.79
4135.77
3245.92
2446.73
2081.38
1101.86
800.336
687.042
607.945
379.645
298.144
224.637
191.167
101.169
73.5102
63.0887
55.8341
34.8638
27.3813
20.63
17.5559
9.29167
6.75092
5.79436
5.12735
3.20215
2.51444
1.89482
1.61214
0.853492
0.619929
0.532232
0.47083
0.294132
0.230892
0.174047
0.148036
0.0784039
0.0569251
0.0488901
0.0432338
0.0270189
0.0212014
0.0159876
0.0135933
0.00720281
0.00522705
0.0044912
0.00396987
0.00248206
0.00194677
0.00146865
0.00124818
0.000661743
0.000479963
0.000412594
0.000364524
0.000228022
0.000178757
0.000134918
0.000114611
6.08E-05
4.41E-05
3.79E-05
3.35E-05
2.09E-05
1.64E-05
1.24E-05
1.05E-05
5.59E-06
4.05E-06
3.48E-06
3.07E-06
1.92E-06
1.51E-06
1.14E-06
9.66E-07
5.13E-07
3.72E-07
3.20E-07
2.82E-07
1.77E-07
1.38E-07
1.05E-07
8.87E-08
4.72E-08
3.41E-08
2.94E-08
2.59E-08
1.63E-08
1.27E-08
9.61E-09
8.15E-09
4.34E-09
3.13E-09
2.70E-09
2.38E-09
1.49E-09
1.17E-09
8.84E-10
7.48E-10
3.98E-10
2.88E-10
2.48E-10
2.18E-10
1.37E-10
1.07E-10
8.10E-11
6.86E-11
3.66E-11
2.64E-11
2.29E-11
2.02E-11
1.28E-11
9.99E-12
7.59E-12
6.42E-12
3.34E-12
2.30E-12
1.96E-12
1.72E-12
1.15E-12
1.03E-12
9.20E-13
9.16E-13
0
1
2
3
4
5
6
7
8
9
10
11
12
13
14
15
16
17
18
19
20
21
22
23
24
25
26
27
28
29
30
31
32
33
34
35
36
37
38
39
40
41
42
43
44
45
46
47
48
49
50
51
52
53
54
55
56
57
58
59
60
61
62
63
64
65
66
67
68
69
70
71
72
73
74
75
76
77
78
79
80
81
82
83
84
85
86
87
88
89
90
91
92
93
94
95
96
97
98
99
100
101
102
103
104
105
106
107
108
109
110
111
112
113
114
115
116
117
118
119
120
121
122
123
124
125
126
127
7
62
83
101
119
138
156
174
193
211
229
247
265
283
301
320
341
360
379
399
418
437
456
475
494
513
532
550
569
587
605
624
643
661
680
699
717
735
753
772
791
810
830
849
868
887
906
925
945
963
983
1002
1021
1039
1057
1076
1096
1115
1133
1152
1171
1190
1209
1230
1251
1270
1289
1309
1331
1353
1373
1395
1416
1436
1455
1474
1493
1512
1530
1548
1568
1589
1610
1630
1650
1669
1688
1710
1733
1754
1776
1797
1821
1841
1860
1879
1899
1918
1936
1957
1985
2004
2024
2055
2078
2097
2119
2141
2164
2183
2203
2227
2252
2278
2302
2326
2350
2375
2398
2419
2442
2464
2484
2506
2527
2548
2571
2593