3672.7
1889.35
463.401
195.296
56.3103
21.1902
6.61722
2.35479
0.764736
0.264773
0.0876552
0.0299434
0.0100067
0.0033959
0.00114011
0.000385664
0.000129773
4.38E-05
1.48E-05
4.98E-06
1.68E-06
5.67E-07
1.91E-07
6.44E-08
2.17E-08
7.33E-09
2.47E-09
8.33E-10
2.81E-10
9.47E-11
3.19E-11
1.07E-11
3.63E-12
1.30E-12
4.03E-13
0
1
2
3
4
5
6
7
8
9
10
11
12
13
14
15
16
17
18
19
20
21
22
23
24
25
26
27
28
29
30
31
32
33
34
31
252
284
309
333
357
380
403
425
449
472
496
519
542
565
589
612
635
659
682
705
728
752
775
799
821
844
866
889
912
935
958
981
1004
1026