17091.4
12761
9614.81
7185.23
5412.24
4046.03
3046.92
2278.35
1715.39
1282.94
965.778
722.418
543.752
406.786
306.148
229.055
172.372
128.976
97.0523
72.6235
54.6448
40.8923
30.7676
23.0253
17.3237
12.9648
9.75414
7.30005
5.4921
4.11041
3.09236
2.31442
1.74117
1.30317
0.980376
0.733765
0.552008
0.413155
0.310812
0.232632
0.175005
0.130986
0.0985381
0.073753
0.0554827
0.0415274
0.03124
0.0233824
0.01759
0.0131657
0.00990419
0.00741308
0.00557665
0.00417401
0.00313998
0.00235022
0.001768
0.00132331
0.000995487
0.000745104
0.000560518
0.000419538
0.000315605
0.000236225
0.000177704
0.000133009
0.000100058
7.49E-05
5.63E-05
4.22E-05
3.17E-05
2.37E-05
1.79E-05
1.34E-05
1.01E-05
7.53E-06
5.66E-06
4.24E-06
3.19E-06
2.39E-06
1.80E-06
1.34E-06
1.01E-06
7.57E-07
5.69E-07
4.26E-07
3.20E-07
2.40E-07
1.80E-07
1.35E-07
1.02E-07
7.60E-08
5.72E-08
4.28E-08
3.22E-08
2.41E-08
1.81E-08
1.36E-08
1.02E-08
7.64E-09
5.75E-09
4.30E-09
3.24E-09
2.42E-09
1.82E-09
1.36E-09
1.03E-09
7.68E-10
5.78E-10
4.32E-10
3.25E-10
2.43E-10
1.83E-10
1.37E-10
1.03E-10
7.70E-11
5.79E-11
4.33E-11
3.27E-11
2.45E-11
1.85E-11
1.39E-11
1.04E-11
7.79E-12
5.85E-12
4.36E-12
3.21E-12
2.41E-12
1.83E-12
1.38E-12
1.03E-12
8.02E-13
0
1
2
3
4
5
6
7
8
9
10
11
12
13
14
15
16
17
18
19
20
21
22
23
24
25
26
27
28
29
30
31
32
33
34
35
36
37
38
39
40
41
42
43
44
45
46
47
48
49
50
51
52
53
54
55
56
57
58
59
60
61
62
63
64
65
66
67
68
69
70
71
72
73
74
75
76
77
78
79
80
81
82
83
84
85
86
87
88
89
90
91
92
93
94
95
96
97
98
99
100
101
102
103
104
105
106
107
108
109
110
111
112
113
114
115
116
117
118
119
120
121
122
123
124
125
126
127
128
129
130
131
7
52
74
106
129
151
173
194
215
235
256
279
301
322
343
364
385
405
425
446
545
575
596
616
636
657
678
697
717
737
757
777
795
814
833
854
874
894
914
934
955
1024
1052
1073
1093
1113
1133
1153
1174
1194
1215
1236
1256
1277
1296
1315
1334
1354
1373
1392
1412
1431
1450
1468
1488
1506
1525
1544
1563
1582
1601
1620
1639
1658
1677
1696
1715
1735
1754
1773
1792
1811
1830
1848
1868
1887
1906
1925
1944
1964
1983
2003
2021
2040
2058
2077
2095
2114
2132
2151
2169
2188
2207
2226
2244
2263
2281
2300
2319
2338
2356
2376
2394
2413
2432
2450
2469
2488
2506
2525
2563
2590
2611
2630
2649
2668
2687
2706
2725
2744
2762
2781