519.327
102.7
23.857
5.5107
1.25726
0.288988
0.0663361
0.0152197
0.0034935
0.000801767
0.00018401
4.22318e-05
9.69248e-06
2.22449e-06
5.10537e-07
1.17172e-07
2.68918e-08
6.17199e-09
1.41653e-09
3.25073e-10
7.45917e-11
1.72116e-11
4.01381e-12
7.83532e-13
0
1
2
3
4
5
6
7
8
9
10
11
12
13
14
15
16
17
18
19
20
21
22
23
9
62
70
76
82
88
94
100
106
111
117
123
129
135
141
146
152
158
164
170
176
181
187
193
401.671
36.3905
1.53803
0.117913
0.00575157
0.000293468
2.12456e-05
7.18522e-07
7.08172e-08
2.31171e-09
2.06659e-10
9.36727e-12
4.82332e-13
0
1
2
3
4
5
6
7
8
9
10
11
12
2
15
21
26
31
36
41
46
51
56
61
66
71
758.6
237.71
73.8269
23.4192
7.42987
2.35013
0.747882
0.236353
0.0752548
0.0237778
0.00757169
0.00239226
0.000761801
0.000240685
7.66458e-05
2.42153e-05
7.71143e-06
2.4363e-06
7.75856e-07
2.45116e-07
7.80598e-08
2.46612e-08
7.85351e-09
2.48105e-09
7.90141e-10
2.49757e-10
7.9425e-11
2.51148e-11
8.17004e-12
2.64245e-12
9.39207e-13
0
1
2
3
4
5
6
7
8
9
10
11
12
13
14
15
16
17
18
19
20
21
22
23
24
25
26
27
28
29
30
1
13
18
23
28
32
37
42
46
51
56
60
65
70
74
79
84
88
93
97
102
107
112
116
121
125
130
135
139
144
149
718.164
222.953
68.6553
21.6682
6.70942
2.11888
0.660701
0.208301
0.0635601
0.0200533
0.00632033
0.00198711
0.000610321
0.000192418
6.05632e-05
1.90434e-05
5.73759e-06
1.80861e-06
5.7246e-07
1.79508e-07
5.57311e-08
1.75424e-08
5.50273e-09
1.72983e-09
5.25712e-10
1.65866e-10
5.2701e-11
1.6351e-11
4.96527e-12
1.43466e-12
3.97904e-13
1.13687e-13
0
1
2
3
4
5
6
7
8
9
10
11
12
13
14
15
16
17
18
19
20
21
22
23
24
25
26
27
28
29
30
31
2
13
18
23
27
32
36
40
44
49
53
58
62
67
71
76
80
84
89
93
98
102
107
111
115
120
124
129
133
138
142
147
43.224
0.828075
0.016359
0.000325098
6.4653e-06
1.28593e-07
2.55791e-09
5.07948e-11
9.44354e-13
0
1
2
3
4
5
6
7
8
3
16
23
28
34
40
45
51
57
0.667172
0.0125849
0.000251808
5.00603e-06
9.93771e-08
1.9723e-09
3.92642e-11
1.02318e-12
1.13687e-13
0
1
2
3
4
5
6
7
8
4
16
23
29
36
42
48
54
61
266.106
35.501
5.5207
1.45094
0.453798
0.135689
0.0458102
0.0137596
0.00461507
0.00138323
0.000463717
0.000138952
4.65812e-05
1.39575e-05
4.67902e-06
1.40201e-06
4.69999e-07
1.40829e-07
4.72106e-08
1.41459e-08
4.74216e-09
1.42099e-09
4.76415e-10
1.4275e-10
4.78248e-11
1.41854e-11
4.79578e-12
1.34756e-12
4.43961e-13
0
1
2
3
4
5
6
7
8
9
10
11
12
13
14
15
16
17
18
19
20
21
22
23
24
25
26
27
28
2
18
25
31
36
42
48
54
59
65
71
77
82
88
94
99
105
111
116
122
128
133
139
145
150
156
162
168
173