10
20
30
40
50
60
70
80
90
100
110
120
130
140
150
160
170
180
190
200
210
220
230
240
250
260
270
280
290
300
310
320
330
340
350
360
370
380
390
400
410
420
430
440
450
460
470
480
490
500
510
520
530
540
550
560
570
580
590
600
610
620
630
640
650
660
670
680
690
700
710
720
730
740
750
760
770
780
790
800
810
820
830
840
850
860
870
880
890
900
910
920
930
940
950
960
970
980
990
1000
1010
1020
1030
1040
1050
1060
1070
1080
1090
1100
1110
1120
1130
1140
1150
1160
1170
1180
1190
1200
1210
1220
1230
1240
1250
1260
1270
1280
1290
1300
1310
1320
1330
1340
1350
1360
1370
1380
1390
1400
1410
1420
1430
1440
1450
1460
1470
1480
1490
1500
1510
1520
1530
1540
1550
1560
1570
1580
1590
1600
1610
1620
1630
1640
1650
1660
1670
1680
1690
1700
1710
1720
1730
1740
1750
1760
1770
1780
1790
1800
1810
1820
1830
1840
1850
1860
1870
1880
1890
1900
1910
1920
1930
1940
1950
1960
1970
1980
1990
2000
2010
2020
2030
2040
2050
2060
2070
2080
2090
2100
2
3
4
6
8
11
14
18
23
27
32
37
44
50
57
66
72
80
89
98
108
118
129
142
151
163
176
192
202
219
231
254
260
275
291
309
330
341
359
381
395
414
442
454
486
495
526
539
561
592
708
680
687
712
733
775
787
823
809
853
865
896
931
1043
1016
1071
1046
1091
1106
1134
1190
1221
1246
1294
1322
1363
1394
1430
1463
1448
1499
1537
1562
1840
1657
1685
1727
1779
1825
2002
1943
2006
2052
2111
2154
2200
2209
2264
2324
2456
2486
2447
2554
2643
2632
2646
2619
2837
2793
2869
2804
2863
2905
3455
3366
3337
3294
3445
3357
3306
3403
3461
3650
3674
3706
3759
3894
3901
3817
4066
3960
4009
4068
4106
4313
4411
4476
4521
4474
4685
4712
5504
4998
4965
4872
5030
5184
5230
5255
5137
5429
5512
5348
5683
5575
5629
5842
5969
5819
5927
6164
6317
6181
6426
6514
6550
6398
6686
6660
6655
6923
7064
7119
7056
7303
7437
7425
7563
7674
7710
7820
7667
7915
8096
8065
7988
8039
8444
8545
8334
8455
9085
8969
8946
8716
9197
8976
9364
9559
9508
9332
9677
9496
9979
9807
9833
9850
9943
10514
10584
30
86
159
270
458
596
887
1150
1095
1086
901
859
930
1148
890
1016
1059
1201
1728
1564
1639
1924
1952
2148
2353
2714
2739
2963
3210
3408
3736
3965
4204
4340
4790
4746
5474
5355
5774
5952
6436
6577
7074
7540
7842
7823
8336
8757
8902
9794
10059
10932
10721
11397
11753
12258
12306
13367
13169
13575
13986
14996
15902
15222
15760
16371
17005
17133
17967
18864
20012
20401
22249
21117
22291
23128
23198
23681
25156
24554
26111
26113
26495
27451
27216
29290
32128
29549
31340
31089
32270
33776
34274
33374
34535
34459
39274
36755
40256
37671
38072
39806
45427
41697
45030
43035
44109
45698
47168
47615
48086
48322
52582
51749
52795
51282
51855
55992
54368
58132
56564
57498
58185
60227
59171
59181
62469
61880
63730
63912
64766
66285
66687
70682
69715
73455
71771
72158
73316
73786
74713
78320
76133
78673
91143
89435
89638
91499
94925
91755
94629
94193
98905
97434
99612
101238
103125
103600
103636
104710
107556
109344
109032
113426
133705
115593
116102
116978
117224
121116
122522
120355
124915
123189
139494
144203
148166
149878
150311
149791
150094
158643
154452
151079
152919
156188
157798
161882
161886
163628
172820
168045
166647
172150
178226
178381
187347
179735
180073
198371
190515
197134
187003
193623
210206
211249
210496
220329
214037
221060
2
3
5
8
10
15
18
23
29
34
43
49
57
65
73
83
93
103
115
126
145
163
167
180
195
211
227
242
258
277
295
330
335
363
380
408
427
467
486
513
528
553
579
587
615
643
667
694
747
801
869
842
880
923
946
984
985
1009
1060
1078
1115
1116
1156
1190
1220
1266
1411
1396
1428
1441
1473
1511
1574
1621
1671
1697
1739
1801
1829
1864
1916
1959
2059
2089
2108
2173
2146
2189
2270
2389
2422
2401
2435
2487
2659
2705
2755
2730
2771
2942
3020
3040
3181
3218
3284
3342
3487
3522
3426
3619
3698
3760
3963
3729
3936
3986
4090
4150
4188
4327
4321
4390
4515
4395
4605
4527
4836
4727
4802
5381
5087
5560
5204
5357
5192
5547
5401
5621
5558
5837
5676
6019
7469
6170
6096
6153
6445
6593
6533
6701
6798
6882
6907
6844
6907
7164
7403
7390
7521
7374
7470
7458
7601
8026
8101
7953
8018
8384
8168
8604
8703
8507
8888
8954
8809
8837
9291
9283
9523
9672
9884
9501
10333
11417
10188
10185
10402
10105
10275
10793
10429
10900
10746
10725
11309
12047
12563
12089
13215
11862
12122
12367
12142
12393
12593
12669
12842
12765
12628
13026
9
29
63
75
126
151
234
266
313
423
508
604
728
843
830
1241
1066
1237
1597
2138
1961
1790
2188
2164
2358
2718
2770
3809
3655
3452
3622
3886
4384
4425
4566
4918
5723
5469
5753
6060
6371
6630
7145
7438
7591
7749
8231
8717
8893
9571
9760
11341
10840
11081
11613
11973
12862
13471
15132
13656
13912
18391
15124
15335
16504
16485
17061
17745
17895
19262
19328
19244
22340
22629
21382
22292
23482
23547
23688
24602
25347
26151
26385
26745
27787
27871
28766
32663
30692
31185
31993
33026
34565
35254
35133
35058
34929
36243
37199
37426
39871
39119
44646
42639
42566
45345
46740
48645
46539
46686
48819
48574
49702
52924
52464
52900
51309
55278
54022
55961
55549
56209
59637
57891
61827
60757
61728
64136
64590
63303
68977
65542
68857
68551
68893
69467
74798
72532
83737
74100
77276
74618
77520
78003
89815
87117
88212
98009
90897
94472
92693
93447
98941
95008
96484
102208
98380
100820
103227
102940
116777
112550
122011
122317
117048
113830
119642
121935
129672
132094
117438
142758
157986
166921
153735
166777
151715
147583
148261
151164
151809
151190
152449
152775
154477
156833
158015
160453
163235
162296
160834
161232
169411
171174
172010
172010
175249
176964
180194
191583
183318
183399
186849
191054
201762
212492
212013
204804
216660
224017
2
3
5
8
12
16
22
28
35
42
50
59
69
79
91
103
115
131
143
158
174
191
209
277
256
266
285
386
328
358
373
402
422
478
495
530
581
580
612
647
675
704
739
771
818
841
889
1000
1052
1050
1280
1120
1184
1161
1201
1250
1309
1359
1359
1400
1425
1510
1577
1634
1658
1697
1774
1810
1859
1933
1983
2043
2070
2142
2209
2188
2329
2396
2450
2522
2670
2607
2683
2795
2821
2924
2979
3018
3149
3201
3304
3359
3427
3529
3475
3523
3737
3752
3844
3825
4062
4130
4058
4233
4321
4443
4500
4483
4686
4581
4747
4969
5011
4915
5160
5146
5387
5472
5371
5633
5766
5813
6024
5910
5913
6288
6648
6373
6566
6427
6828
6856
6994
6819
7199
7087
7450
7522
7580
7677
7768
7945
7829
8273
8262
8382
8468
8637
8839
8790
9018
9086
9263
9010
9225
9579
9751
9554
10033
10057
9922
10361
10486
10651
10844
10856
11146
11395
10938
11010
11581
11388
11435
11594
12044
12316
12449
13089
12636
46823
46527
47051
49306
48401
12133
12086
12562
12334
12439
12811
12662
12965
13047
13104
13942
14872
13434
14046
14027
14910
14262
14320
15477
18843
18680
19694
25691
19531
18546
17395
33
84
162
269
449
622
843
1056
1232
968
705
832
729
733
882
1498
1350
1195
1448
1702
2054
1812
1952
2239
2304
2718
2746
2920
3156
3365
3607
3813
4039
4287
4579
4917
6725
5651
5749
6411
6401
6731
7333
7224
8015
8065
8551
8669
9220
9665
9716
11245
11011
11286
11777
12038
12718
14296
13507
13660
14462
14852
15044
16016
15757
16545
16780
17899
18708
19469
19591
19472
22395
21660
22974
24290
23123
23748
25166
24521
25337
25617
26278
28147
28124
28211
28981
29946
31083
30551
31552
32001
34731
35367
34450
34502
35126
36408
38697
37776
38789
39284
45520
43709
45831
45176
43922
45802
49641
48610
47757
50401
49172
50677
52340
52741
52854
56183
59415
55559
57533
59026
60013
59277
60467
62733
65421
63406
65320
64960
65088
67167
69633
69358
70945
71344
73755
77166
74334
78156
76011
75322
78827
79854
90443
89318
90944
90979
97620
92943
97872
97029
95647
99473
101808
104404
102687
102625
104220
106573
108106
108893
109622
112278
114704
113808
115205
114108
116460
118870
118856
121462
120850
125188
144921
145146
149389
148228
150506
153687
155099
163898
156372
156106
163378
158556
166334
160685
161897
163551
168787
168714
173642
171259
172966
173369
177133
178728
179611
185786
181812
185084
184402
187187
205739
210261
216150
213520
236827
224466
2
5
9
14
21
26
38
46
62
71
89
107
114
142
158
189
195
225
255
278
302
317
346
375
412
439
472
573
544
588
622
661
704
745
788
845
890
942
982
987
1046
1104
1256
1204
1263
1304
1377
1433
1504
1559
1546
1661
1722
1788
1843
1894
1970
2040
2134
2106
2176
2265
2745
2410
2484
2567
2677
2737
2921
2994
3038
3015
3271
3337
3345
3430
3675
3729
3844
3782
3903
3975
4206
4182
4407
4532
4434
4605
4874
4767
5111
4950
5077
5392
5344
5408
5795
5948
5822
5933
6284
6367
6515
6420
6548
6664
6798
7484
7303
7155
7372
7389
7833
7941
7849
8029
8523
8228
8939
9657
8944
9053
9012
9397
9557
9306
9893
9565
9752
10364
10087
11195
10897
11074
10785
11012
11118
11217
11705
11720
12088
11912
12518
13236
13366
14094
13338
13481
13079
13424
14172
14316
13829
14595
14720
14335
15187
15353
14817
16011
15432
15958
15992
16867
16871
16186
17497
17362
17614
17989
17938
18416
18291
18378
18339
19960
18652
19055
19312
19293
20807
20190
20615
20127
21255
21381
21595
20887
21286
23327
22702
23246
23789
25558
26201
23806
23904
23293
24420
24698
24760
24140
25064
26631
26056
25208
26109
26680
26903
28247
35
100
173
288
452
518
786
705
786
660
527
549
723
759
895
978
1174
1204
1451
1579
1749
1804
1982
2146
2328
2717
2727
2984
3965
3446
3820
3822
4100
4425
4585
5225
5558
5521
6050
6052
6485
6715
7011
7286
7631
7952
8190
8507
9149
10312
9693
12105
10902
11233
11423
11998
13091
12943
13938
13595
14569
15272
16360
15493
16026
16430
16654
17802
17783
19079
18756
20087
21950
22476
22125
22355
22968
23828
24437
24545
25559
25895
26670
27286
28865
28685
31209
29488
32228
31023
30970
34744
35684
33293
34178
34884
38348
36389
36922
37845
39246
38943
45338
42409
43063
44794
46841
44813
45780
47450
47335
49067
54540
51586
51185
52623
57346
53539
55222
56076
56867
59639
61006
61019
66043
62382
65812
65641
64048
64070
65149
66749
67769
70883
74380
70930
71359
71283
73027
77128
75743
79967
80029
78173
89057
89462
90169
94350
95617
96044
96788
94973
95740
100912
98579
101685
101689
104748
106446
104860
105831
111476
112215
110925
117908
111530
136833
137527
137346
137562
138324
141973
140805
145341
147592
141301
149409
152343
157266
151738
147832
155047
158139
159600
159788
160469
160662
164748
163176
165050
173774
176396
171478
179391
179997
177167
178773
176968
183714
188800
187577
189311
191666
196442
211726
209178
214814
220349
224406
226461