2521.04
950.921
361.234
137.545
52.5902
20.1358
7.73676
2.97434
1.14688
0.442181
0.170923
0.0660316
0.0255677
0.00989079
0.00383416
0.00148459
0.000575942
0.000223141
8.66113e-05
3.35699e-05
1.30344e-05
5.05341e-06
1.96256e-06
7.61014e-07
2.95592e-07
1.14634e-07
4.4531e-08
1.72703e-08
6.70886e-09
2.60216e-09
1.01078e-09
3.91432e-10
1.52223e-10
5.94559e-11
2.31173e-11
8.73541e-12
3.66629e-12
1.38306e-12
0
0
1
2
3
4
5
6
7
8
9
10
11
12
13
14
15
16
17
18
19
20
21
22
23
24
25
26
27
28
29
30
31
32
33
34
35
36
37
38
7
64
73
79
86
92
98
103
109
114
120
126
132
137
143
149
155
161
166
172
178
184
189
195
201
207
212
218
224
229
235
241
247
253
258
264
270
275
281
2341.65
881.065
330.912
124.71
46.3183
17.6413
6.6087
2.52629
0.928043
0.356247
0.135617
0.0519806
0.019301
0.00743088
0.00283193
0.00108841
0.000397042
0.00015314
5.87446e-05
2.25488e-05
8.48485e-06
3.27102e-06
1.24374e-06
4.79034e-07
1.76514e-07
6.8113e-08
2.61251e-08
1.00407e-08
3.76857e-09
1.45375e-09
5.54663e-10
2.13319e-10
7.7457e-11
2.98371e-11
1.14525e-11
3.81148e-12
1.52527e-12
5.08423e-13
2.27374e-13
0
0
0
0
0
0
0
0
0
0
0
0
0
0
0
0
0
0
0
0
0
0
0
0
0
0
1
2
3
4
5
6
7
8
9
10
11
12
13
14
15
16
17
18
19
20
21
22
23
24
25
26
27
28
29
30
31
32
33
34
35
36
37
38
39
40
41
42
43
44
45
46
47
48
49
50
51
52
53
54
55
56
57
58
59
60
61
62
63
2
17
23
29
34
40
45
51
56
61
67
72
77
83
88
94
99
105
110
115
121
126
132
137
143
148
153
158
164
169
175
193
201
206
212
217
238
243
248
253
258
263
268
273
277
282
286
291
296
300
305
310
314
319
323
328
333
337
342
347
351
356
360
365
2023.7
261.563
75.9255
28.9354
11.2143
4.31666
1.67462
0.644856
0.250328
0.0964197
0.0374462
0.0144255
0.00560415
0.0021591
0.000838973
0.000323245
0.000125624
4.84025e-05
1.8813e-05
7.24863e-06
2.81761e-06
1.08562e-06
4.22014e-07
1.626e-07
6.32113e-08
2.43551e-08
9.4676e-09
3.64762e-09
1.41848e-09
5.46656e-10
2.12504e-10
8.14204e-11
3.1243e-11
1.15938e-11
4.34397e-12
1.77585e-12
6.82121e-13
0
1
2
3
4
5
6
7
8
9
10
11
12
13
14
15
16
17
18
19
20
21
22
23
24
25
26
27
28
29
30
31
32
33
34
35
36
2
16
23
29
35
41
47
53
59
65
71
77
83
89
95
101
107
113
119
125
131
136
142
148
155
161
166
173
178
184
190
196
202
208
214
220
226
2023.7
148.375
34.7128
1.87521
0.0550424
0.00254711
0.000548672
9.23182e-05
1.16629e-06
3.70688e-07
9.01008e-08
2.72212e-09
3.55472e-10
6.25075e-11
1.04592e-11
9.37486e-13
0
1
2
3
4
5
6
7
8
9
10
11
12
13
14
15
3
18
26
33
39
46
52
59
65
72
79
85
92
98
105
112