5.46E+07
5.61E+06
4.52E+06
4.47E+06
4.43E+06
4.39E+06
4.34E+06
4.30E+06
4.26E+06
4.22E+06
4.18E+06
4.14E+06
4.10E+06
4.06E+06
4.03E+06
3.99E+06
3.95E+06
3.91E+06
3.87E+06
3.84E+06
3.80E+06
3.77E+06
3.73E+06
3.69E+06
3.66E+06
3.62E+06
3.59E+06
3.56E+06
3.52E+06
3.49E+06
3.46E+06
3.42E+06
3.39E+06
3.36E+06
3.33E+06
3.29E+06
3.26E+06
3.23E+06
3.20E+06
3.17E+06
3.14E+06
3.11E+06
3.08E+06
3.05E+06
3.02E+06
3.00E+06
2.97E+06
2.94E+06
2.91E+06
2.88E+06
2.86E+06
2.83E+06
2.80E+06
2.78E+06
2.75E+06
2.72E+06
2.70E+06
2.67E+06
2.65E+06
2.62E+06
2.60E+06
2.57E+06
2.55E+06
2.52E+06
2.50E+06
2.47E+06
2.45E+06
2.43E+06
2.41E+06
2.38E+06
2.36E+06
2.34E+06
2.32E+06
2.29E+06
2.27E+06
2.25E+06
2.23E+06
2.21E+06
2.19E+06
2.17E+06
2.14E+06
2.12E+06
2.10E+06
2.08E+06
2.06E+06
2.05E+06
2.03E+06
2.01E+06
1.99E+06
1.97E+06
1.95E+06
1.93E+06
1.91E+06
1.89E+06
1.88E+06
1.86E+06
1.84E+06
1.82E+06
1.81E+06
1.79E+06
1.77E+06
1.76E+06
1.74E+06
1.72E+06
1.71E+06
1.69E+06
1.67E+06
1.66E+06
1.64E+06
1.63E+06
1.61E+06
1.60E+06
1.58E+06
1.57E+06
1.55E+06
1.54E+06
1.52E+06
1.51E+06
1.49E+06
1.48E+06
1.46E+06
1.45E+06
1.44E+06
1.42E+06
1.41E+06
1.40E+06
1.38E+06
1.37E+06
1.36E+06
1.34E+06
1.33E+06
1.32E+06
1.31E+06
1.29E+06
1.28E+06
1.27E+06
1.26E+06
1.25E+06
1.23E+06
1.22E+06
1.21E+06
1.20E+06
1.19E+06
1.18E+06
1.16E+06
1.15E+06
1.14E+06
1.13E+06
1.12E+06
1.11E+06
1.10E+06
1.09E+06
1.08E+06
1.07E+06
1.06E+06
1.05E+06
1.04E+06
1.03E+06
1.02E+06
1.01E+06
1.00E+06
990546
981142
971828
962602
953463
944412
935446
926566
917770
909057
900427
891879
883412
875025
866718
858490
850340
842268
834272
826352
818507
810737
803040
795416
787865
780386
772977
765639
758371
751171
744040
736977
729980
723050
716186
709387
702653
695982
689375
682831
676348
669927
663567
657268
651028
644848
638726
632662
626656
620707
614815
608978
603197
597470
591798
586180
580616
575104
569644
564236
558880
553574
548319
543113
537957
532850
527792
522781
517818
512902
508033
503210
498433
493701
489015
484372
479774
475219
470708
466239
461813
457429
453086
448785
444525
440304
436125
431984
427883
423821
419798
415812
411865
407955
404082
400246
396446
392683
388955
385262
381605
377982
374394
370840
367319
363832
360378
356957
353568
350212
346887
343594
340332
337101
333901
330731
327591
324481
321401
318350
315328
312334
309369
306432
303523
300641
297787
294960
292160
289387
286639
283918
281223
278553
275909
273289
270695
268125
265580
263059
260561
258088
255638
253211
250807
248426
246067
243731
241418
239126
236856
234607
232380
230174
227989
225824
223681
221557
219454
217370
215307
213263
211238
209233
207247
205279
203330
201400
199488
197594
195718
193860
192020
190197
188392
186603
184832
183077
181339
179617
177912
176223
174550
172893
171252
169626
168016
166421
164841
163276
161726
160191
158670
157164
155672
154194
152730
151280
149844
148421
147012
145617
144234
142865
141509
140165
138835
137517
136211
134918
133637
132369
131112
129867
128634
127413
126204
125006
123819
122643
121479
120326
119184
118052
116931
115821
114722
113633
112554
111485
110427
109379
108340
107312
106293
105284
104285
103295
102314
101343
100381
99427.6
98483.7
97548.7
96622.7
95705.4
94796.8
93896.9
93005.5
92122.6
91248
90381.8
89523.7
88673.8
87832
86998.2
86172.3
85354.2
84543.9
83741.3
82946.4
82158.9
81379
80606.4
79841.2
79083.2
78332.4
77588.8
76852.2
76122.6
75400
74684.2
73975.2
73272.9
72577.3
71888.3
71205.8
70529.9
69860.3
69197.1
68540.2
67889.5
67245
66606.6
65974.3
65348
64727.6
64113.1
63504.5
62901.6
62304.5
61713
61127.1
60546.8
59972
59402.7
58838.8
58280.2
57726.9
57178.9
56636.1
56098.4
55565.8
55038.3
54515.8
53998.3
53485.7
52977.9
52475
51976.8
51483.4
50994.6
50510.5
50031
49556.1
49085.6
48619.6
48158
47700.9
47248
46799.5
46355.2
45915.1
45479.2
45047.5
44619.8
44196.3
43776.7
43361.1
42949.5
42541.7
42137.9
41737.8
41341.6
40949.1
40560.4
40175.3
39793.9
39416.1
39042
38671.3
38304.2
37940.6
37580.4
37223.6
36870.2
36520.2
36173.5
35830.1
35490
35153
34819.3
34488.8
34161.4
33837.1
33515.8
33197.6
32882.5
32570.3
32261.1
31954.9
31651.5
31351
31053.4
30758.6
30466.6
30177.4
29890.9
29607.1
29326
29047.6
28771.9
28498.7
28228.2
27960.2
27694.8
27431.9
27171.4
26913.5
26658
26404.9
26154.2
25906
25660
25416.4
25175.1
24936.1
24699.4
24464.9
24232.7
24002.6
23774.8
23549.1
23325.5
23104.1
22884.7
22667.5
22452.3
22239.1
22028
21818.9
21611.8
21406.6
21203.4
21002.1
20802.7
20605.2
20409.6
20215.8
20023.9
19833.8
19645.5
19459
19274.3
19091.3
18910.1
18730.6
18552.8
18376.6
18202.2
18029.4
17858.2
17688.7
17520.8
17354.4
17189.7
17026.5
16864.8
16704.7
16546.2
16389.1
16233.5
16079.4
15926.7
15775.5
15625.8
15477.4
15330.5
15185
15040.8
14898
14756.6
14616.5
14477.7
14340.3
14204.2
14069.3
13935.7
13803.5
13672.4
13542.6
13414
13286.7
13160.6
13035.6
12911.9
12789.3
12667.9
12547.6
12428.5
12310.5
12193.7
12077.9
11963.2
11849.7
11737.2
11625.7
11515.4
11406.1
11297.8
11190.5
11084.3
10979.1
10874.8
10771.6
10669.3
10568
10467.7
10368.3
10269.9
10172.4
10075.9
9980.2
9885.45
9791.61
9698.65
9606.58
9515.38
9425.05
9335.57
9246.95
9159.16
9072.21
8986.08
8900.78
8816.28
8732.58
8649.68
8567.57
8486.23
8405.67
8325.87
8246.83
8168.54
8090.99
8014.18
7938.1
7862.74
7788.1
7714.16
7640.93
7568.39
7496.54
7425.38
7354.88
7285.06
7215.9
7147.4
7079.55
7012.34
6945.77
6879.83
6814.52
6749.82
6685.74
6622.27
6559.41
6497.14
6435.46
6374.36
6313.85
6253.91
6194.54
6135.73
6077.48
6019.79
5962.64
5906.03
5849.97
5794.43
5739.42
5684.93
5630.97
5577.51
5524.56
5472.11
5420.16
5368.71
5317.74
5267.26
5217.25
5167.73
5118.67
5070.07
5021.94
4974.27
4927.04
4880.27
4833.94
4788.05
4742.59
4697.57
4652.98
4608.8
4565.05
4521.71
4478.79
4436.27
4394.15
4352.44
4311.12
4270.19
4229.65
4189.5
4149.73
4110.33
4071.31
4032.66
3994.38
3956.46
3918.9
3881.69
3844.84
3808.34
3772.19
3736.38
3700.91
3665.77
3630.97
3596.5
3562.36
3528.54
3495.04
3461.86
3429
3396.45
3364.2
3332.27
3300.63
3269.3
3238.26
3207.52
3177.07
3146.91
3117.03
3087.44
3058.13
3029.1
3000.34
2971.86
2943.65
2915.7
2888.02
2860.61
2833.45
2806.55
2779.91
2753.52
2727.38
2701.48
2675.84
2650.43
2625.27
2600.35
2575.66
2551.21
2526.99
2503
2479.24
2455.71
2432.39
2409.3
2386.43
2363.77
2341.33
2319.11
2297.09
2275.28
2253.68
2232.29
2211.1
2190.11
2169.31
2148.72
2128.32
2108.12
2088.1
2068.28
2048.65
2029.2
2009.93
1990.85
1971.95
1953.23
1934.69
1916.32
1898.13
1880.11
1862.26
1844.58
1827.07
1809.73
1792.55
1775.53
1758.67
1741.98
1725.44
1709.06
1692.84
1676.76
1660.85
1645.08
1629.46
1613.99
1598.67
1583.49
1568.46
1553.57
1538.82
1524.21
1509.74
1495.41
1481.22
1467.15
1453.23
1439.43
1425.76
1412.23
1398.82
1385.54
1372.39
1359.36
1346.46
1333.67
1321.01
1308.47
1296.05
1283.75
1271.56
1259.49
1247.53
1235.69
1223.96
1212.34
1200.83
1189.43
1178.14
1166.95
1155.87
1144.9
1134.03
1123.27
1112.6
1102.04
1091.58
1081.22
1070.95
1060.78
1050.71
1040.74
1030.86
1021.07
1011.38
1001.78
992.268
982.848
973.517
964.275
955.121
946.054
937.073
928.177
919.365
910.637
901.992
893.429
884.948
876.547
868.225
859.983
851.819
843.732
835.722
827.788
819.93
812.146
804.436
796.799
789.235
781.743
774.321
766.97
759.689
752.477
745.334
738.258
731.249
724.307
717.431
710.62
703.874
697.192
690.573
684.018
677.524
671.092
664.721
658.411
652.16
645.969
639.837
633.762
627.746
621.786
615.884
610.037
604.245
598.509
592.827
587.199
581.625
576.103
570.634
565.217
559.851
554.536
549.272
544.057
538.893
533.777
528.709
523.69
518.719
513.794
508.917
504.085
499.3
494.56
489.865
485.214
480.608
476.045
471.526
467.05
462.616
458.224
453.874
449.565
445.297
441.07
436.883
432.735
428.627
424.558
420.528
416.535
412.581
408.664
404.785
400.942
397.136
393.365
389.631
385.932
382.268
378.639
375.045
371.484
367.958
364.465
361.005
357.577
354.183
350.821
347.49
344.191
340.924
337.687
334.481
331.306
328.161
325.045
321.96
318.903
315.876
312.877
309.907
306.965
304.051
301.164
298.305
295.473
292.668
289.89
287.138
284.412
281.712
279.037
276.388
273.765
271.166
268.591
266.042
263.516
261.014
258.536
256.082
253.651
251.243
248.858
246.495
244.155
241.837
239.542
237.267
235.015
232.784
230.574
228.385
226.217
224.069
221.942
219.835
217.748
215.681
213.634
211.605
209.597
207.607
205.636
203.684
201.75
199.835
197.938
196.059
194.197
192.354
190.528
188.719
186.927
185.153
183.395
181.654
179.93
178.221
176.53
174.854
173.194
171.55
169.921
168.308
166.71
165.127
163.56
162.007
160.469
158.946
157.437
155.942
154.462
152.995
151.543
150.104
148.679
147.268
145.87
144.485
143.113
141.755
140.409
139.076
137.756
136.448
135.153
133.87
132.599
131.34
130.093
128.858
127.635
126.423
125.223
124.034
122.857
121.69
120.535
119.391
118.257
117.135
116.023
114.921
113.83
112.75
111.679
110.619
109.569
108.529
107.498
106.478
105.467
104.466
103.474
102.492
101.519
100.555
99.6004
98.6549
97.7183
96.7906
95.8718
94.9616
94.0601
93.1672
92.2827
91.4066
90.5389
89.6794
88.828
87.9847
87.1495
86.3221
85.5026
84.6909
83.8869
83.0906
82.3018
81.5204
80.7465
79.98
79.2207
78.4686
77.7237
76.9858
76.255
75.5311
74.814
74.1038
73.4003
72.7035
72.0133
71.3296
70.6525
69.9818
69.3174
68.6593
68.0075
67.3619
66.7224
66.089
65.4616
64.8401
64.2246
63.6149
63.011
62.4128
61.8203
61.2334
60.6521
60.0763
59.506
58.9411
58.3815
57.8273
57.2783
56.7345
56.1959
55.6624
55.134
54.6106
54.0922
53.5787
53.07
52.5662
52.0672
51.5729
51.0833
50.5983
50.118
49.6422
49.1709
48.7041
48.2418
47.7838
47.3302
46.8808
46.4358
45.995
45.5583
45.1258
44.6974
44.2731
43.8528
43.4365
43.0241
42.6157
42.2111
41.8104
41.4135
41.0203
40.6309
40.2452
39.8631
39.4847
39.1098
38.7385
38.3708
38.0065
37.6457
37.2883
36.9343
36.5837
36.2364
35.8924
35.5517
35.2142
34.8799
34.5487
34.2207
33.8959
33.5741
33.2554
32.9397
32.6269
32.3172
32.0104
31.7065
31.4055
31.1074
30.8121
30.5196
30.2298
29.9428
29.6586
29.377
29.0981
28.8219
28.5483
28.2773
28.0088
27.7429
27.4795
27.2187
26.9603
26.7043
26.4508
26.1997
25.951
25.7046
25.4606
25.2189
24.9795
24.7423
24.5075
24.2748
24.0444
23.8161
23.59
23.366
23.1442
22.9245
22.7069
22.4913
22.2778
22.0663
21.8568
21.6493
21.4438
21.2402
21.0386
20.8389
20.641
20.4451
20.251
20.0587
19.8683
19.6797
19.4929
19.3078
19.1245
18.943
18.7631
18.585
18.4086
18.2338
18.0607
17.8893
17.7194
17.5512
17.3846
17.2196
17.0561
16.8942
16.7338
16.5749
16.4176
16.2617
16.1073
15.9544
15.803
15.6529
15.5043
15.3572
15.2114
15.067
14.9239
14.7822
14.6419
14.5029
14.3652
14.2289
14.0938
13.96
13.8274
13.6962
13.5662
13.4374
13.3098
13.1834
13.0583
12.9343
12.8115
12.6899
12.5694
12.4501
12.3319
12.2149
12.0989
11.984
11.8703
11.7576
11.646
11.5354
11.4259
11.3174
11.21
11.1036
10.9981
10.8937
10.7903
10.6879
10.5864
10.4859
10.3864
10.2878
10.1901
10.0934
9.99755
9.90264
9.80863
9.71551
9.62328
9.53192
9.44143
9.3518
9.26302
9.17508
9.08798
9.00171
8.91625
8.8316
8.74776
8.66472
8.58246
8.50098
8.42028
8.34034
8.26117
8.18274
8.10506
8.02812
7.9519
7.87641
7.80164
7.72757
7.65421
7.58155
7.50957
7.43828
7.36767
7.29773
7.22845
7.15982
7.09185
7.02453
6.95784
6.89179
6.82636
6.76156
6.69737
6.63379
6.57081
6.50843
6.44664
6.38544
6.32482
6.26478
6.20531
6.1464
6.08805
6.03025
5.973
5.9163
5.86014
5.8045
5.7494
5.69482
5.64075
5.58721
5.53416
5.48163
5.42959
5.37804
5.32699
5.27642
5.22632
5.17671
5.12756
5.07889
5.03067
4.98291
4.93561
4.88875
4.84234
4.79637
4.75084
4.70574
4.66106
4.61682
4.57299
4.52957
4.48657
4.44398
4.40179
4.36
4.31861
4.27761
4.23701
4.19678
4.15694
4.11748
4.07839
4.03967
4.00132
3.96334
3.92571
3.88844
3.85153
3.81496
3.77875
3.74287
3.70734
3.67215
3.63729
3.60276
3.56855
3.53468
3.50112
3.46788
3.43496
3.40235
3.37005
3.33806
3.30637
3.27498
3.24389
3.21309
3.18259
3.15238
3.12245
3.09281
3.06345
3.03437
3.00556
2.97703
2.94876
2.92077
2.89304
2.86558
2.83837
2.81143
2.78474
2.7583
2.73212
2.70618
2.68049
2.65504
2.62984
2.60487
2.58014
2.55565
2.53139
2.50735
2.48355
2.45997
2.43662
2.41349
2.39058
2.36788
2.3454
2.32314
2.30108
2.27924
2.2576
2.23617
2.21494
2.19391
2.17308
2.15246
2.13202
2.11178
2.09173
2.07188
2.05221
2.03272
2.01343
1.99431
1.97538
1.95663
1.93805
1.91965
1.90143
1.88338
1.8655
1.84779
1.83025
1.81287
1.79566
1.77862
1.76173
1.74501
1.72844
1.71203
1.69578
1.67968
1.66373
1.64794
1.63229
1.6168
1.60145
1.58625
1.57119
1.55627
1.5415
1.52686
1.51237
1.49801
1.48379
1.4697
1.45575
1.44193
1.42824
1.41468
1.40125
1.38795
1.37478
1.36172
1.3488
1.33599
1.32331
1.31075
1.2983
1.28598
1.27377
1.26168
1.2497
1.23784
1.22608
1.21444
1.20292
1.1915
1.18018
1.16898
1.15788
1.14689
1.136
1.12522
1.11454
1.10396
1.09348
1.0831
1.07281
1.06263
1.05254
1.04255
1.03265
1.02285
1.01314
1.00352
0.993993
0.984556
0.97521
0.965951
0.956781
0.947698
0.938701
0.92979
0.920963
0.91222
0.90356
0.894982
0.886486
0.87807
0.869734
0.861478
0.853299
0.845199
0.837175
0.829227
0.821355
0.813557
0.805834
0.798184
0.790607
0.783101
0.775667
0.768303
0.761009
0.753785
0.746629
0.739541
0.73252
0.725566
0.718678
0.711855
0.705097
0.698404
0.691773
0.685206
0.678701
0.672258
0.665876
0.659554
0.653293
0.647091
0.640948
0.634863
0.628836
0.622866
0.616953
0.611096
0.605295
0.599549
0.593857
0.588219
0.582635
0.577104
0.571625
0.566199
0.560823
0.5555
0.550226
0.545002
0.539829
0.534704
0.529628
0.5246
0.51962
0.514687
0.5098
0.504961
0.500167
0.495418
0.490715
0.486057
0.481442
0.476872
0.472345
0.467861
0.463419
0.45902
0.454663
0.450346
0.446071
0.441836
0.437642
0.433487
0.429372
0.425296
0.421258
0.417259
0.413298
0.409374
0.405488
0.401638
0.397825
0.394049
0.390308
0.386603
0.382932
0.379297
0.375696
0.372129
0.368597
0.365098
0.361632
0.358199
0.354798
0.35143
0.348094
0.344789
0.341516
0.338274
0.335062
0.331882
0.328731
0.32561
0.322519
0.319458
0.316425
0.313421
0.310445
0.307498
0.304579
0.301688
0.298824
0.295987
0.293177
0.290393
0.287637
0.284906
0.282201
0.279522
0.276869
0.27424
0.271637
0.269058
0.266504
0.263974
0.261468
0.258986
0.256527
0.254092
0.25168
0.24929
0.246924
0.24458
0.242258
0.239958
0.23768
0.235423
0.233188
0.230975
0.228782
0.22661
0.224459
0.222328
0.220217
0.218126
0.216056
0.214005
0.211973
0.209961
0.207968
0.205993
0.204038
0.202101
0.200182
0.198282
0.196399
0.194535
0.192688
0.190859
0.189047
0.187252
0.185475
0.183714
0.18197
0.180242
0.178531
0.176836
0.175157
0.173495
0.171848
0.170216
0.1686
0.167
0.165414
0.163844
0.162289
0.160748
0.159221
0.15771
0.156213
0.15473
0.153261
0.151806
0.150365
0.148938
0.147524
0.146123
0.144736
0.143362
0.142001
0.140653
0.139318
0.137995
0.136685
0.135387
0.134102
0.132829
0.131568
0.130319
0.129082
0.127856
0.126643
0.12544
0.124249
0.12307
0.121901
0.120744
0.119598
0.118462
0.117338
0.116224
0.11512
0.114028
0.112945
0.111873
0.110811
0.109759
0.108717
0.107684
0.106662
0.10565
0.104647
0.103653
0.102669
0.101695
0.100729
0.0997733
0.0988261
0.0978878
0.0969585
0.0960382
0.0951265
0.0942233
0.0933288
0.0924428
0.0915651
0.0906959
0.0898348
0.088982
0.0881372
0.0873006
0.0864716
0.0856508
0.0848377
0.0840324
0.0832345
0.0824443
0.0816619
0.0808864
0.0801187
0.0793582
0.0786048
0.0778585
0.0771194
0.0763873
0.0756621
0.0749441
0.0742325
0.0735277
0.0728298
0.0721385
0.0714535
0.0707752
0.0701033
0.0694376
0.0687784
0.0681255
0.0674788
0.0668381
0.0662038
0.0655752
0.0649525
0.0643359
0.0637252
0.0631202
0.0625211
0.0619276
0.0613395
0.0607572
0.0601806
0.0596092
0.0590435
0.0584829
0.0579276
0.0573777
0.0568331
0.0562934
0.055759
0.0552298
0.0547054
0.0541862
0.0536718
0.0531621
0.0526575
0.0521576
0.0516624
0.051172
0.050686
0.050205
0.0497283
0.0492562
0.0487884
0.0483254
0.0478666
0.0474122
0.0469622
0.0465163
0.0460747
0.0456373
0.0452042
0.0447749
0.0443499
0.0439289
0.0435117
0.0430986
0.0426896
0.0422843
0.041883
0.0414853
0.0410915
0.0407012
0.040315
0.0399321
0.0395531
0.0391777
0.0388057
0.0384373
0.0380725
0.037711
0.0373529
0.0369984
0.0366473
0.0362993
0.0359544
0.0356133
0.035275
0.03494
0.0346083
0.0342797
0.0339542
0.033632
0.0333125
0.0329964
0.0326831
0.0323727
0.0320658
0.0317614
0.0314596
0.0311607
0.0308649
0.0305718
0.0302816
0.029994
0.0297094
0.0294272
0.0291477
0.0288712
0.0285972
0.0283255
0.0280566
0.0277903
0.0275266
0.0272651
0.0270062
0.0267498
0.0264959
0.0262444
0.0259953
0.0257486
0.0255039
0.025262
0.0250218
0.0247845
0.0245493
0.0243162
0.0240852
0.0238565
0.0236303
0.0234059
0.0231838
0.0229638
0.0227457
0.0225297
0.022316
0.0221044
0.0218945
0.0216867
0.021481
0.0212771
0.0210754
0.0208752
0.0206772
0.0204807
0.0202862
0.0200937
0.019903
0.0197143
0.019527
0.0193415
0.019158
0.0189759
0.0187958
0.0186173
0.0184406
0.0182656
0.0180923
0.0179205
0.0177503
0.017582
0.017415
0.0172496
0.017086
0.0169238
0.0167632
0.0166039
0.016446
0.0162901
0.0161354
0.0159823
0.0158304
0.0156803
0.0155314
0.0153839
0.015238
0.0150935
0.0149502
0.0148082
0.0146676
0.0145284
0.0143906
0.0142538
0.0141186
0.0139845
0.013852
0.0137205
0.0135902
0.0134613
0.0133336
0.013207
0.0130817
0.0129575
0.0128346
0.0127125
0.0125918
0.0124723
0.0123538
0.0122365
0.0121201
0.0120053
0.0118911
0.0117782
0.0116664
0.0115559
0.0114459
0.0113375
0.0112296
0.0111232
0.0110174
0.0109128
0.0108092
0.0107066
0.0106051
0.0105043
0.0104046
0.0103061
0.0102083
0.0101115
0.0100156
0.00992049
0.00982638
0.00973336
0.00964085
0.00954917
0.00945843
0.0093686
0.00927963
0.00919166
0.00910448
0.00901797
0.00893244
0.0088478
0.00876379
0.00868065
0.00859805
0.00851664
0.00843581
0.00835581
0.00827641
0.00819771
0.00811993
0.00804293
0.00796673
0.00789098
0.00781603
0.00774171
0.00766819
0.00759543
0.00752332
0.0074519
0.00738103
0.00731102
0.00724176
0.00717306
0.00710492
0.00703752
0.00697068
0.00690459
0.00683895
0.00677421
0.00670983
0.00664626
0.00658307
0.00652066
0.00645867
0.00639725
0.00633651
0.00627624
0.00621664
0.00615754
0.006099
0.00604121
0.00598362
0.00592658
0.00587042
0.00581464
0.00575937
0.00570459
0.00565038
0.00559675
0.00554349
0.00549103
0.00543875
0.00538707
0.005336
0.00528529
0.00523499
0.0051855
0.00513616
0.0050874
0.00503943
0.00499118
0.00494368
0.00489676
0.00485025
0.00480441
0.00475885
0.00471352
0.00466879
0.00462445
0.0045806
0.00453699
0.00449401
0.00445135
0.00440903
0.00436725
0.00432573
0.00428491
0.00424405
0.00420374
0.00416399
0.00412437
0.00408509
0.00404636
0.00400761
0.00396982
0.0039321
0.00389481
0.00385778
0.00382105
0.00378488
0.00374915
0.00371367
0.00367825
0.00364331
0.00360895
0.00357437
0.00354035
0.00350691
0.0034736
0.00344056
0.00340814
0.00337573
0.00334371
0.00331188
0.00328049
0.00324941
0.00321861
0.00318796
0.00315774
0.0031279
0.00309816
0.00306865
0.00303956
0.0030107
0.00298233
0.00295384
0.00292572
0.0028979
0.00287035
0.00284332
0.00281629
0.00278962
0.00276316
0.00273698
0.0027109
0.00268507
0.00265958
0.0026343
0.00260948
0.00258466
0.00256019
0.00253571
0.00251143
0.00248762
0.00246423
0.00244064
0.00241755
0.00239486
0.00237195
0.00234954
0.00232706
0.00230504
0.00228291
0.00226143
0.00223992
0.00221845
0.00219755
0.00217655
0.00215604
0.0021356
0.00211533
0.00209502
0.00207524
0.00205548
0.00203593
0.00201664
0.00199745
0.00197851
0.00195986
0.00194109
0.00192262
0.00190423
0.00188614
0.00186815
0.00185049
0.00183304
0.00181555
0.00179821
0.00178129
0.0017643
0.00174745
0.00173099
0.00171456
0.00169816
0.00168198
0.00166605
0.00165032
0.00163462
0.00161905
0.00160374
0.00158861
0.00157329
0.00155835
0.00154358
0.00152903
0.00151442
0.00150007
0.00148559
0.00147151
0.00145756
0.0014438
0.00143024
0.00141659
0.00140325
0.00139004
0.00137664
0.00136354
0.00135069
0.00133786
0.00132544
0.00131271
0.0013003
0.00128785
0.00127543
0.00126337
0.00125139
0.00123946
0.00122748
0.00121584
0.00120419
0.00119277
0.00118145
0.00117031
0.00115925
0.00114807
0.00113717
0.00112648
0.00111585
0.0011051
0.00109466
0.00108441
0.00107416
0.00106399
0.00105378
0.00104373
0.00103384
0.00102409
0.00101437
0.00100479
0.000995336
0.00098584
0.000976536
0.00096716
0.000957954
0.000949011
0.0009399
0.000930816
0.00092189
0.000913263
0.000904377
0.000895796
0.000887305
0.000878849
0.000870539
0.000862121
0.000853845
0.000845632
0.000837722
0.000829886
0.000822027
0.000814173
0.000806427
0.000798773
0.000791237
0.00078395
0.000776488
0.000769149
0.000761805
0.000754679
0.000747422
0.000740282
0.000733137
0.000726304
0.000719437
0.00071234
0.000705633
0.000698928
0.000692133
0.00068556
0.000678951
0.000672568
0.000666273
0.000659836
0.00065369
0.000647297
0.00064109
0.000635129
0.000628964
0.00062282
0.000616804
0.00061094
0.000605123
0.000599444
0.000593686
0.000588101
0.000582455
0.000576965
0.000571483
0.000565946
0.000560439
0.000555144
0.000549925
0.000544647
0.000539386
0.000534287
0.000529235
0.000524244
0.0005192
0.00051421
0.000509167
0.000504291
0.000499601
0.000494754
0.000490098
0.000485548
0.000481144
0.000476647
0.000472041
0.000467568
0.000463228
0.000458747
0.000454212
0.000449845
0.000445382
0.000441206
0.000436923
0.000432774
0.000428637
0.000424549
0.000420449
0.000416567
0.000412673
0.000408738
0.000404708
0.000400826
0.00039689
0.000393108
0.000389315
0.000385537
0.000381698
0.000377942
0.000374458
0.000370996
0.000367437
0.000364049
0.00036059
0.000357167
0.00035373
0.000350337
0.000347073
0.000343817
0.000340577
0.000337279
0.000333899
0.000330739
0.000327626
0.000324579
0.000321622
0.000318563
0.000315615
0.000312593
0.000309601
0.000306651
0.000303737
0.000300807
0.000297903
0.000295166
0.000292333
0.0002895
0.000286646
0.00028367
0.000280832
0.000278165
0.000275551
0.000272924
0.000270324
0.000267768
0.000265308
0.000262894
0.000260394
0.000257883
0.00025537
0.000252909
0.000250454
0.000248078
0.000245706
0.000243303
0.000240918
0.000238576
0.000236385
0.000234259
0.000232033
0.000229782
0.000227669
0.000225357
0.000223135
0.000221014
0.000219019
0.000216883
0.000214924
0.000212976
0.000210923
0.000208785
0.00020672
0.000204779
0.000202757
0.00020079
0.000198807
0.000196873
0.000194935
0.000193116
0.000191283
0.00018956
0.000187716
0.000185897
0.000184125
0.000182267
0.000180486
0.000178728
0.000177002
0.000175251
0.000173419
0.00017162
0.00016987
0.000168252
0.000166498
0.0001648
0.000163221
0.000161742
0.000160333
0.000158848
0.000157393
0.0001558
0.000154209
0.000152609
0.000151021
0.000149491
0.000147939
0.000146408
0.00014505
0.000143621
0.000142152
0.000140647
0.000139135
0.000137592
0.000136037
0.000134689
0.000133282
0.000131883
0.000130671
0.000129463
0.000128206
0.000126922
0.000125537
0.000124228
0.000122982
0.000121688
0.000120375
0.000119288
0.000118144
0.000117052
0.00011591
0.000114908
0.000113871
0.000112765
0.000111641
0.000110415
0.00010911
0.000107895
0.000106651
0.000105472
0.000104334
0.000103342
0.000102275
0.000101259
0.000100343
9.92E-05
9.82E-05
9.71E-05
9.60E-05
9.47E-05
9.35E-05
9.24E-05
9.14E-05
9.04E-05
8.94E-05
8.85E-05
8.77E-05
8.68E-05
8.60E-05
8.51E-05
8.42E-05
8.34E-05
8.24E-05
8.14E-05
8.03E-05
7.92E-05
7.83E-05
7.74E-05
7.66E-05
7.58E-05
7.51E-05
7.44E-05
7.36E-05
7.29E-05
7.23E-05
7.17E-05
7.10E-05
7.02E-05
6.95E-05
6.87E-05
6.79E-05
6.70E-05
6.61E-05
6.52E-05
6.43E-05
6.36E-05
6.27E-05
6.20E-05
6.13E-05
6.07E-05
6.00E-05
5.94E-05
5.87E-05
5.81E-05
5.75E-05
5.68E-05
5.61E-05
5.54E-05
5.46E-05
5.38E-05
5.31E-05
5.24E-05
5.14E-05
5.05E-05
4.95E-05
4.86E-05
4.78E-05
4.71E-05
4.65E-05
4.59E-05
4.53E-05
4.48E-05
4.43E-05
4.38E-05
4.33E-05
4.30E-05
4.26E-05
4.21E-05
4.17E-05
4.12E-05
4.06E-05
4.00E-05
3.93E-05
3.86E-05
3.79E-05
3.72E-05
3.64E-05
3.56E-05
3.46E-05
3.38E-05
3.31E-05
3.25E-05
3.18E-05
3.14E-05
3.09E-05
3.05E-05
3.01E-05
2.97E-05
2.94E-05
2.91E-05
2.88E-05
2.84E-05
2.81E-05
2.77E-05
2.74E-05
2.71E-05
2.68E-05
2.64E-05
2.60E-05
2.56E-05
2.51E-05
2.45E-05
2.39E-05
2.31E-05
2.22E-05
2.12E-05
1.98E-05
1.86E-05
1.73E-05
1.63E-05
1.55E-05
1.49E-05
1.43E-05
1.38E-05
1.34E-05
1.30E-05
1.27E-05
1.23E-05
1.21E-05
1.18E-05
1.16E-05
1.13E-05
1.11E-05
1.09E-05
1.06E-05
1.03E-05
1.00E-05
9.60E-06
9.15E-06
8.46E-06
7.46E-06
5.90E-06
3.67E-06
1.60E-06
5.29E-07
1.57E-07
0
0
1
2
3
4
5
6
7
8
9
10
11
12
13
14
15
16
17
18
19
20
21
22
23
24
25
26
27
28
29
30
31
32
33
34
35
36
37
38
39
40
41
42
43
44
45
46
47
48
49
50
51
52
53
54
55
56
57
58
59
60
61
62
63
64
65
66
67
68
69
70
71
72
73
74
75
76
77
78
79
80
81
82
83
84
85
86
87
88
89
90
91
92
93
94
95
96
97
98
99
100
101
102
103
104
105
106
107
108
109
110
111
112
113
114
115
116
117
118
119
120
121
122
123
124
125
126
127
128
129
130
131
132
133
134
135
136
137
138
139
140
141
142
143
144
145
146
147
148
149
150
151
152
153
154
155
156
157
158
159
160
161
162
163
164
165
166
167
168
169
170
171
172
173
174
175
176
177
178
179
180
181
182
183
184
185
186
187
188
189
190
191
192
193
194
195
196
197
198
199
200
201
202
203
204
205
206
207
208
209
210
211
212
213
214
215
216
217
218
219
220
221
222
223
224
225
226
227
228
229
230
231
232
233
234
235
236
237
238
239
240
241
242
243
244
245
246
247
248
249
250
251
252
253
254
255
256
257
258
259
260
261
262
263
264
265
266
267
268
269
270
271
272
273
274
275
276
277
278
279
280
281
282
283
284
285
286
287
288
289
290
291
292
293
294
295
296
297
298
299
300
301
302
303
304
305
306
307
308
309
310
311
312
313
314
315
316
317
318
319
320
321
322
323
324
325
326
327
328
329
330
331
332
333
334
335
336
337
338
339
340
341
342
343
344
345
346
347
348
349
350
351
352
353
354
355
356
357
358
359
360
361
362
363
364
365
366
367
368
369
370
371
372
373
374
375
376
377
378
379
380
381
382
383
384
385
386
387
388
389
390
391
392
393
394
395
396
397
398
399
400
401
402
403
404
405
406
407
408
409
410
411
412
413
414
415
416
417
418
419
420
421
422
423
424
425
426
427
428
429
430
431
432
433
434
435
436
437
438
439
440
441
442
443
444
445
446
447
448
449
450
451
452
453
454
455
456
457
458
459
460
461
462
463
464
465
466
467
468
469
470
471
472
473
474
475
476
477
478
479
480
481
482
483
484
485
486
487
488
489
490
491
492
493
494
495
496
497
498
499
500
501
502
503
504
505
506
507
508
509
510
511
512
513
514
515
516
517
518
519
520
521
522
523
524
525
526
527
528
529
530
531
532
533
534
535
536
537
538
539
540
541
542
543
544
545
546
547
548
549
550
551
552
553
554
555
556
557
558
559
560
561
562
563
564
565
566
567
568
569
570
571
572
573
574
575
576
577
578
579
580
581
582
583
584
585
586
587
588
589
590
591
592
593
594
595
596
597
598
599
600
601
602
603
604
605
606
607
608
609
610
611
612
613
614
615
616
617
618
619
620
621
622
623
624
625
626
627
628
629
630
631
632
633
634
635
636
637
638
639
640
641
642
643
644
645
646
647
648
649
650
651
652
653
654
655
656
657
658
659
660
661
662
663
664
665
666
667
668
669
670
671
672
673
674
675
676
677
678
679
680
681
682
683
684
685
686
687
688
689
690
691
692
693
694
695
696
697
698
699
700
701
702
703
704
705
706
707
708
709
710
711
712
713
714
715
716
717
718
719
720
721
722
723
724
725
726
727
728
729
730
731
732
733
734
735
736
737
738
739
740
741
742
743
744
745
746
747
748
749
750
751
752
753
754
755
756
757
758
759
760
761
762
763
764
765
766
767
768
769
770
771
772
773
774
775
776
777
778
779
780
781
782
783
784
785
786
787
788
789
790
791
792
793
794
795
796
797
798
799
800
801
802
803
804
805
806
807
808
809
810
811
812
813
814
815
816
817
818
819
820
821
822
823
824
825
826
827
828
829
830
831
832
833
834
835
836
837
838
839
840
841
842
843
844
845
846
847
848
849
850
851
852
853
854
855
856
857
858
859
860
861
862
863
864
865
866
867
868
869
870
871
872
873
874
875
876
877
878
879
880
881
882
883
884
885
886
887
888
889
890
891
892
893
894
895
896
897
898
899
900
901
902
903
904
905
906
907
908
909
910
911
912
913
914
915
916
917
918
919
920
921
922
923
924
925
926
927
928
929
930
931
932
933
934
935
936
937
938
939
940
941
942
943
944
945
946
947
948
949
950
951
952
953
954
955
956
957
958
959
960
961
962
963
964
965
966
967
968
969
970
971
972
973
974
975
976
977
978
979
980
981
982
983
984
985
986
987
988
989
990
991
992
993
994
995
996
997
998
999
1000
1001
1002
1003
1004
1005
1006
1007
1008
1009
1010
1011
1012
1013
1014
1015
1016
1017
1018
1019
1020
1021
1022
1023
1024
1025
1026
1027
1028
1029
1030
1031
1032
1033
1034
1035
1036
1037
1038
1039
1040
1041
1042
1043
1044
1045
1046
1047
1048
1049
1050
1051
1052
1053
1054
1055
1056
1057
1058
1059
1060
1061
1062
1063
1064
1065
1066
1067
1068
1069
1070
1071
1072
1073
1074
1075
1076
1077
1078
1079
1080
1081
1082
1083
1084
1085
1086
1087
1088
1089
1090
1091
1092
1093
1094
1095
1096
1097
1098
1099
1100
1101
1102
1103
1104
1105
1106
1107
1108
1109
1110
1111
1112
1113
1114
1115
1116
1117
1118
1119
1120
1121
1122
1123
1124
1125
1126
1127
1128
1129
1130
1131
1132
1133
1134
1135
1136
1137
1138
1139
1140
1141
1142
1143
1144
1145
1146
1147
1148
1149
1150
1151
1152
1153
1154
1155
1156
1157
1158
1159
1160
1161
1162
1163
1164
1165
1166
1167
1168
1169
1170
1171
1172
1173
1174
1175
1176
1177
1178
1179
1180
1181
1182
1183
1184
1185
1186
1187
1188
1189
1190
1191
1192
1193
1194
1195
1196
1197
1198
1199
1200
1201
1202
1203
1204
1205
1206
1207
1208
1209
1210
1211
1212
1213
1214
1215
1216
1217
1218
1219
1220
1221
1222
1223
1224
1225
1226
1227
1228
1229
1230
1231
1232
1233
1234
1235
1236
1237
1238
1239
1240
1241
1242
1243
1244
1245
1246
1247
1248
1249
1250
1251
1252
1253
1254
1255
1256
1257
1258
1259
1260
1261
1262
1263
1264
1265
1266
1267
1268
1269
1270
1271
1272
1273
1274
1275
1276
1277
1278
1279
1280
1281
1282
1283
1284
1285
1286
1287
1288
1289
1290
1291
1292
1293
1294
1295
1296
1297
1298
1299
1300
1301
1302
1303
1304
1305
1306
1307
1308
1309
1310
1311
1312
1313
1314
1315
1316
1317
1318
1319
1320
1321
1322
1323
1324
1325
1326
1327
1328
1329
1330
1331
1332
1333
1334
1335
1336
1337
1338
1339
1340
1341
1342
1343
1344
1345
1346
1347
1348
1349
1350
1351
1352
1353
1354
1355
1356
1357
1358
1359
1360
1361
1362
1363
1364
1365
1366
1367
1368
1369
1370
1371
1372
1373
1374
1375
1376
1377
1378
1379
1380
1381
1382
1383
1384
1385
1386
1387
1388
1389
1390
1391
1392
1393
1394
1395
1396
1397
1398
1399
1400
1401
1402
1403
1404
1405
1406
1407
1408
1409
1410
1411
1412
1413
1414
1415
1416
1417
1418
1419
1420
1421
1422
1423
1424
1425
1426
1427
1428
1429
1430
1431
1432
1433
1434
1435
1436
1437
1438
1439
1440
1441
1442
1443
1444
1445
1446
1447
1448
1449
1450
1451
1452
1453
1454
1455
1456
1457
1458
1459
1460
1461
1462
1463
1464
1465
1466
1467
1468
1469
1470
1471
1472
1473
1474
1475
1476
1477
1478
1479
1480
1481
1482
1483
1484
1485
1486
1487
1488
1489
1490
1491
1492
1493
1494
1495
1496
1497
1498
1499
1500
1501
1502
1503
1504
1505
1506
1507
1508
1509
1510
1511
1512
1513
1514
1515
1516
1517
1518
1519
1520
1521
1522
1523
1524
1525
1526
1527
1528
1529
1530
1531
1532
1533
1534
1535
1536
1537
1538
1539
1540
1541
1542
1543
1544
1545
1546
1547
1548
1549
1550
1551
1552
1553
1554
1555
1556
1557
1558
1559
1560
1561
1562
1563
1564
1565
1566
1567
1568
1569
1570
1571
1572
1573
1574
1575
1576
1577
1578
1579
1580
1581
1582
1583
1584
1585
1586
1587
1588
1589
1590
1591
1592
1593
1594
1595
1596
1597
1598
1599
1600
1601
1602
1603
1604
1605
1606
1607
1608
1609
1610
1611
1612
1613
1614
1615
1616
1617
1618
1619
1620
1621
1622
1623
1624
1625
1626
1627
1628
1629
1630
1631
1632
1633
1634
1635
1636
1637
1638
1639
1640
1641
1642
1643
1644
1645
1646
1647
1648
1649
1650
1651
1652
1653
1654
1655
1656
1657
1658
1659
1660
1661
1662
1663
1664
1665
1666
1667
1668
1669
1670
1671
1672
1673
1674
1675
1676
1677
1678
1679
1680
1681
1682
1683
1684
1685
1686
1687
1688
1689
1690
1691
1692
1693
1694
1695
1696
1697
1698
1699
1700
1701
1702
1703
1704
1705
1706
1707
1708
1709
1710
1711
1712
1713
1714
1715
1716
1717
1718
1719
1720
1721
1722
1723
1724
1725
1726
1727
1728
1729
1730
1731
1732
1733
1734
1735
1736
1737
1738
1739
1740
1741
1742
1743
1744
1745
1746
1747
1748
1749
1750
1751
1752
1753
1754
1755
1756
1757
1758
1759
1760
1761
1762
1763
1764
1765
1766
1767
1768
1769
1770
1771
1772
1773
1774
1775
1776
1777
1778
1779
1780
1781
1782
1783
1784
1785
1786
1787
1788
1789
1790
1791
1792
1793
1794
1795
1796
1797
1798
1799
1800
1801
1802
1803
1804
1805
1806
1807
1808
1809
1810
1811
1812
1813
1814
1815
1816
1817
1818
1819
1820
1821
1822
1823
1824
1825
1826
1827
1828
1829
1830
1831
1832
1833
1834
1835
1836
1837
1838
1839
1840
1841
1842
1843
1844
1845
1846
1847
1848
1849
1850
1851
1852
1853
1854
1855
1856
1857
1858
1859
1860
1861
1862
1863
1864
1865
1866
1867
1868
1869
1870
1871
1872
1873
1874
1875
1876
1877
1878
1879
1880
1881
1882
1883
1884
1885
1886
1887
1888
1889
1890
1891
1892
1893
1894
1895
1896
1897
1898
1899
1900
1901
1902
1903
1904
1905
1906
1907
1908
1909
1910
1911
1912
1913
1914
1915
1916
1917
1918
1919
1920
1921
1922
1923
1924
1925
1926
1927
1928
1929
1930
1931
1932
1933
1934
1935
1936
1937
1938
1939
1940
1941
1942
1943
1944
1945
1946
1947
1948
1949
1950
1951
1952
1953
1954
1955
1956
1957
1958
1959
1960
1961
1962
1963
1964
1965
1966
1967
1968
1969
1970
1971
1972
1973
1974
1975
1976
1977
1978
1979
1980
1981
1982
1983
1984
1985
1986
1987
1988
1989
1990
1991
1992
1993
1994
1995
1996
1997
1998
1999
2000
2001
2002
2003
2004
2005
2006
2007
2008
2009
2010
2011
2012
2013
2014
2015
2016
2017
2018
2019
2020
2021
2022
2023
2024
2025
2026
2027
2028
2029
2030
2031
2032
2033
2034
2035
2036
2037
2038
2039
2040
2041
2042
2043
2044
2045
2046
2047
2048
2049
2050
2051
2052
2053
2054
2055
2056
2057
2058
2059
2060
2061
2062
2063
2064
2065
2066
2067
2068
2069
2070
2071
2072
2073
2074
2075
2076
2077
2078
2079
2080
2081
2082
2083
2084
2085
2086
2087
2088
2089
2090
2091
2092
2093
2094
2095
2096
2097
2098
2099
2100
2101
2102
2103
2104
2105
2106
2107
2108
2109
2110
2111
2112
2113
2114
2115
2116
2117
2118
2119
2120
2121
2122
2123
2124
2125
2126
2127
2128
2129
2130
2131
2132
2133
2134
2135
2136
2137
2138
2139
2140
2141
2142
2143
2144
2145
2146
2147
2148
2149
2150
2151
2152
2153
2154
2155
2156
2157
2158
2159
2160
2161
2162
2163
2164
2165
2166
2167
2168
2169
2170
2171
2172
2173
2174
2175
2176
2177
2178
2179
2180
2181
2182
2183
2184
2185
2186
2187
2188
2189
2190
2191
2192
2193
2194
2195
2196
2197
2198
2199
2200
2201
2202
2203
2204
2205
2206
2207
2208
2209
2210
2211
2212
2213
2214
2215
2216
2217
2218
2219
2220
2221
2222
2223
2224
2225
2226
2227
2228
2229
2230
2231
2232
2233
2234
2235
2236
2237
2238
2239
2240
2241
2242
2243
2244
2245
2246
2247
2248
2249
2250
2251
2252
2253
2254
2255
2256
2257
2258
2259
2260
2261
2262
2263
2264
2265
2266
2267
2268
2269
2270
2271
2272
2273
2274
2275
2276
2277
2278
2279
2280
2281
2282
2283
2284
2285
2286
2287
2288
2289
2290
2291
2292
2293
2294
2295
2296
2297
2298
2299
2300
2301
2302
2303
2304
2305
2306
2307
2308
2309
2310
2311
2312
2313
2314
2315
2316
2317
2318
2319
2320
2321
2322
2323
2324
2325
2326
2327
2328
2329
2330
2331
2332
2333
2334
2335
2336
2337
2338
2339
2340
2341
2342
2343
2344
2345
2346
2347
2348
2349
2350
2351
2352
2353
2354
2355
2356
2357
2358
2359
2360
2361
2362
2363
2364
2365
2366
2367
2368
2369
2370
2371
2372
2373
2374
2375
2376
2377
2378
2379
2380
2381
2382
2383
2384
2385
2386
2387
2388
2389
2390
2391
2392
2393
2394
2395
2396
2397
2398
2399
2400
2401
2402
2403
2404
2405
2406
2407
2408
2409
2410
2411
2412
2413
2414
2415
2416
2417
2418
2419
2420
2421
2422
2423
2424
2425
2426
2427
2428
2429
2430
2431
2432
2433
2434
2435
2436
2437
2438
2439
2440
2441
2442
2443
2444
2445
2446
2447
2448
2449
2450
2451
2452
2453
2454
2455
2456
2457
2458
2459
2460
2461
2462
2463
2464
2465
2466
2467
2468
2469
2470
2471
2472
2473
2474
2475
2476
2477
2478
2479
2480
2481
2482
2483
2484
2485
2486
2487
2488
2489
2490
2491
2492
2493
2494
2495
2496
2497
2498
2499
2500
2501
2502
2503
2504
2505
2506
2507
2508
2509
2510
2511
2512
2513
2514
2515
2516
2517
2518
2519
2520
2521
2522
2523
2524
2525
2526
2527
2528
2529
2530
2531
2532
2533
2534
2535
2536
2537
2538
2539
2540
2541
2542
2543
2544
2545
2546
2547
2548
2549
2550
2551
2552
2553
2554
2555
2556
2557
2558
2559
2560
2561
2562
2563
2564
2565
2566
2567
2568
2569
2570
2571
2572
2573
2574
2575
2576
2577
2578
2579
2580
2581
2582
2583
2584
2585
2586
2587
2588
2589
2590
2591
2592
2593
2594
2595
2596
2597
2598
2599
2600
2601
2602
2603
2604
2605
2606
2607
2608
2609
2610
2611
2612
2613
2614
2615
2616
2617
2618
2619
2620
2621
2622
2623
2624
2625
2626
2627
2628
2629
2630
2631
2632
2633
2634
2635
2636
2637
2638
2639
2640
2641
2642
2643
2644
2645
2646
2647
2648
2649
2650
2651
2652
2653
2654
2655
2656
2657
2658
2659
2660
2661
2662
2663
2664
2665
2666
2667
2668
2669
2670
2671
2672
2673
2674
2675
2676
2677
2678
2679
2680
2681
2682
2683
2684
2685
2686
2687
2688
2689
2690
2691
2692
2693
2694
2695
2696
2697
2698
2699
2700
2701
2702
2703
2704
2705
2706
2707
2708
2709
2710
2711
1206
2613
3613
4488
5326
5968
6519
7069
7647
8201
8695
9056
9418
9779
10141
10566
11023
11401
11810
12161
12512
12953
13374
14244
14683
15127
15523
15910
16314
16689
17063
17436
17809
18182
18555
18928
19313
19919
20563
21077
21633
22129
22607
23056
23503
23916
24375
24850
25331
25790
26249
26667
27376
27814
28221
28602
28976
29350
29726
30135
30729
31129
31655
32245
32638
33073
33482
33880
34292
34677
35063
35448
35834
36189
36593
36994
37489
37918
38473
38910
39341
39796
40181
40636
40997
41362
41713
42063
42414
42883
43305
43748
44324
44796
45212
45614
46013
46415
46817
47216
47763
48125
48477
48827
49178
49652
50085
50522
50928
51319
51722
52074
52546
53004
53356
53707
54058
54408
54759
55109
55460
55883
56236
56586
56941
57292
57643
57993
58344
58694
59045
59395
59779
60130
60481
60831
61182
61532
61883
62233
62584
62934
63284
63670
64022
64372
64722
65073
65424
65774
66125
66475
66829
67179
67566
67917
68267
68617
68968
69318
69668
70019
70370
70720
71071
71421
71809
72185
72795
73162
73513
73923
74625
75060
75451
75829
76182
76532
76882
77232
77583
77933
78284
78634
78985
79335
79688
80039
80389
80739
81090
81440
81791
82141
82492
82842
83192
83581
83933
84283
84634
84984
85335
85707
86059
86409
86760
87110
87461
87849
88201
88551
88902
89252
89603
89953
90305
90656
91079
91431
91785
92280
92808
93161
93512
93862
94213
94563
94914
95264
95649
95999
96350
96700
97051
97401
97752
98102
98453
98803
99153
99505
99858
100208
100558
100908
101259
101609
101960
102310
102661
103014
103367
103720
104324
104954
105369
105743
106116
106489
106862
107235
107620
107972
108322
108672
109023
109373
109724
110074
110424
110775
111125
111477
111864
112459
112830
113181
113532
113882
114233
114583
114934
115283
115638
115989
116340
116690
117041
117391
117742
118092
118443
118793
119144
119496
119848
120198
120549
120899
121250
121600
121951
122301
122652
123002
123353
123740
124092
124442
124793
125143
125494
125845
126195
126545
126896
127246
127599
127950
128301
128651
129002
129352
129702
130057
130407
130757
131135
131525
131877
132457
132827
133177
133528
133956
134548
135019
135423
135807
136160
136510
136862
137212
137562
137912
138263
138613
138964
139314
139703
140054
140405
140755
141106
141456
141807
142157
142507
142857
143207
143560
143912
144262
144613
144963
145313
145663
146014
146363
146714
147065
147416
147803
148155
148505
148860
149210
149565
149915
150266
150616
150967
151317
151785
152376
152732
153083
153435
153786
154139
154490
154842
155193
155582
155935
156287
156638
156990
157341
157693
158045
158397
158749
159100
159452
159806
160159
160510
160862
161214
161565
161917
162269
162621
162972
163324
163683
164304
164818
165254
165629
166002
166375
166749
167121
167515
167906
168279
168652
169025
169410
169785
170157
170531
170904
171284
171785
172287
172641
172992
173343
173694
174044
174395
174745
175097
175447
175904
176299
176671
177070
177472
177855
178228
178601
178974
179347
179761
180113
180498
180849
181200
181550
181902
182253
182604
182954
183305
183691
184045
184396
184747
185097
185448
185798
186148
186499
186849
187199
187639
187994
188344
188694
189045
189395
189746
190096
190447
190797
191148
191635
192129
192484
192835
193185
193536
193965
194649
195100
195524
195898
196272
196644
197018
197390
197764
198137
198510
198883
199256
199637
199988
200339
200692
201042
201392
201743
202093
202443
202794
203146
203502
203855
204205
204556
204906
205256
205607
205957
206308
206659
207009
207359
207750
208100
208451
208801
209152
209502
209860
210218
210569
210920
211394
211969
212325
212676
213027
213377
213727
214077
214433
214787
215142
215526
215913
216264
216616
216967
217318
217668
218020
218370
218721
219071
219422
219838
220190
220540
220891
221241
221591
221941
222292
222642
222993
223343
223772
224508
225024
225508
225884
226257
226630
227002
227376
227753
228127
228500
228873
229245
229619
230025
230491
230923
231369
232063
232418
232982
233335
233685
234036
234386
234737
235579
235935
236285
236636
236986
237337
237687
238037
238387
238738
239088
239438
239825
240178
240532
240887
241237
241588
241938
242289
242638
242989
243340
243728
244079
244430
244781
245133
245551
245903
246257
246608
246958
247309
247727
248078
248428
248783
249133
249484
249835
250190
250541
250961
251524
251885
252235
252586
252936
253286
253637
254130
254801
255227
255648
256023
256396
256769
257142
257515
257888
258262
258634
259008
259381
259760
260111
260461
260811
261162
261512
261863
262212
262563
262913
263264
263646
263998
264348
264699
265049
265400
265750
266100
266451
266801
267151
267505
267856
268207
268557
268908
269258
269609
269959
270310
270850
271306
271662
272281
272634
272986
273336
273687
274037
274388
274737
275088
275438
275802
276154
276504
276855
277210
277560
277910
278261
278611
278961
279312
279664
280016
280366
280717
281067
281417
281767
282118
282468
282823
283173
283526
283907
284708
285157
285535
285908
286281
286653
287027
287399
287814
288188
288562
288934
289307
289683
290057
290432
291042
291435
291985
292345
292697
293048
293399
293750
294102
294453
294804
295155
295527
295896
296247
296598
296950
297301
297652
298003
298354
298705
299057
299408
299761
300113
300464
300815
301166
301517
301868
302219
302571
302921
303275
303631
303984
304335
304686
305037
305389
305740
306091
306442
306794
307145
307510
307863
308220
308571
308923
309274
309625
309976
310328
310865
311367
311728
312081
312432
312783
313134
313485
313866
314619
315087
315496
315885
316259
316633
317007
317380
317754
318128
318502
318875
319249
319635
320025
320376
320728
321078
321430
321781
322133
322484
322835
323186
323574
323925
324277
324628
324980
325331
325682
326033
326385
326736
327087
327439
327796
328148
328499
328854
329206
329557
329908
330330
330929
331301
331655
332133
332504
332860
333211
333563
333915
334266
334618
334968
335320
335676
336029
336380
336731
337083
337434
337789
338140
338491
338843
339194
339547
339899
340251
340602
340953
341304
341656
342007
342359
342709
343061
343412
343766
344467
344974
345494
345896
346295
346694
347093
347500
347868
348219
348569
348920
349270
349620
349971
350340
350933
351323
351680
352032
352383
352734
353084
353435
353785
354136
354486
354837
355188
355542
355893
356244
356594
356945
357295
357650
358000
358351
358702
359052
359403
359761
360113
360465
360816
361167
361517
361868
362218
362569
362919
363271
363627
363979
364329
364680
365030
365385
365739
366094
366449
366800
367150
367503
367854
368204
368554
368906
369256
369607
370025
370543
370919
371293
371669
372126
372479
372830
373184
373536
373969
374691
375140
375562
375936
376309
376682
377056
377428
377802
378174
378548
378921
379294
379673
380024
380375
380726
381076
381427
381777
382128
382478
382829
383179
383532
383883
384235
384585
384936
385286
385636
385986
386337
386687
387038
387388
387741
388092
388443
388794
389145
389495
389846
390337
390901
391254
391640
391991
392342
392692
393043
393393
393744
394094
394449
394799
395150
395502
395855
396205
396556
396909
397264
397615
397966
398316
398667
399017
399368
399723
400076
400426
400777
401127
401478
401828
402179
402529
402880
403230
403588
404138
404678
405183
405536
405887
406238
406588
406939
407289
407682
408035
408388
408742
409093
409443
409900
410455
410832
411218
411607
411959
412436
412789
413140
413490
413841
414191
414541
414891
415243
415596
415948
416298
416649
416999
417350
417700
418050
418401
418752
419102
419453
419804
420156
420507
420858
421208
421559
421908
422259
422609
422960
423310
423665
424016
424366
424717
425068
425417
425768
426118
426469
426818
427169
427521
427873
428223
428574
428924
429303
429902
430257
430608
430959
431309
431732
432083
432433
432784
433134
433485
433836
434457
434928
435332
435739
436114
436774
437151
437524
437897
438271
438643
439017
439390
439765
440116
440467
440817
441168
441518
441869
442218
442636
443073
443451
443822
444175
444525
444876
445226
445577
445927
446278
446628
446979
447329
447716
448067
448417
448783
449383
449769
450121
450471
450822
451172
451588
451940
452402
452758
453110
453460
453810
454161
454512
454862
455212
455598
455950
456300
456651
457001
457351
457701
458052
458402
458753
459103
459454
459849
460210
460564
460919
461273
461629
461979
462330
462680
463031
463382
463770
464447
465010
465426
465829
466227
466627
467025
467424
467823
468198
468631
469093
469468
469842
470214
470588
470960
471334
471732
472084
472434
472785
473136
473487
473837
474187
474537
474892
475242
475598
475949
476304
476654
477005
477355
477706
478056
478407
478757
479108
479462
479816
480166
480517
480867
481218
481572
481923
482274
482628
482978
483333
483685
484041
484391
484742
485093
485444
485795
486146
486496
486847
487212
487566
487916
488267
488782
489346
489698
490053
490403
490754
491104
491455
491897
492250
492703
493057
493408
493759
494380
494925
495298
495653
496004
496355
496705
497056
497406
497757
498106
498457
498807
499158
499510
499862
500212
500601
500952
501303
501695
502049
502399
502749
503099
503450
503805
504160
504510
504861
505211
505562
505912
506263
506613
506964
507314
507668
508072
508683
509037
509387
509737
510088
510438
510789
511139
511493
511874
512225
512575
512925
513276
513626
513977
514328
514678
515028
515378
515734
516085
516436
516787
517137
517488
517838
518188
518539
518889
519242
519594
519946
520296
520647
520997
521348
521698
522048
522398
522749
523099
523450
523807
524605
525068
525475
525874
526275
526674
527075
527481
527937
528315
528689
529063
529438
529811
530186
530559
530934
531307
531718
532093
532467
532923
533277
533628
533979
534331
534682
535033
535385
535741
536094
536445
536800
537151
537503
537858
538210
538561
538913
539264
539619
539972
540323
540675
541026
541378
541729
542080
542432
542783
543135
543488
543842
544193
544549
544900
545252
545603
545955
546306
546657
547083
547639
547993
548345
548696
549047
549398
549750
550102
550454
550805
551157
551527
551896
552247
552599
552950
553302
553653
554166
554794
555235
555646
556004
556356
556707
557059
557410
557762
558113
558465
558816
559167
559521
559873
560224
560576
560927
561279
561630
561981
562333
562684
563036
563400
563756
564108
564460
564811
565163
565514
565866
566217
566569
566921
567497
567870
568222
568574
568925
569276
569628
569980
570332
570683
571035
571386
571740
572091
572443
572884
573254
573606
573957
574308
574660
575011
575363
575774
576126
576478
576829
577180
577532
577883
578235
578586
578937
579286
579639
579989
580340
580690
581041
581391
581741
582091
582442
582792
583142
583494
583861
584591
585031
585434
585833
586231
586687
587082
587433
587819
588170
588520
588871
589221
589571
589921
590272
590667
591060
591434
591792
592145
592495
592846
593197
593547
593898
594248
594598
594948
595299
595652
596003
596354
596705
597054
597405
597755
598105
598455
598806
599156
599509
599860
600210
600560
600911
601261
601611
601962
602318
602691
603176
603631
604013
604435
604794
605144
605495
605845
606195
606548
607120
607609
607971
608321
608672
609104
609461
609811
610162
610512
610863
611213
611604
611955
612306
612656
613067
613502
613914
614496
614980
615396
615982
616334
616685
617035
617386
617736
618086
618436
618787
619136
619489
619840
620191
620541
620892
621242
621592
621943
622293
622643
622994
623344
623696
624047
624397
624747
625098
625448
625799
626149
626500
626947
627566
627929
628280
628630
628981
629331
629681
630031
630382
630732
631082
631432
631785
632136
632487
632836
633187
633537
633887
634237
634588
634938
635289
635641
635992
636342
636693
637043
637394
637756
638107
638457
638808
639159
639511
639863
640213
640563
640914
641264
641900
642467
642819
643169
643523
643906
644680
645713
646092
646444
646795
647224
647690
648044
648395
648745
649096
649446
649797
650147
650497
650847
651198
651616
651971
652321
652672
653022
653493
653845
654196
654546
654897
655247
655634
655985
656336
656686
657037
657387
657738
658088
658439
658789
659140
659514
659919
660269
660620
660971
661321
661672
662022
662372
662723
663073
663424
663810
664161
664511
664863
665213
665564
665917
666268
666623
667112
667534
667886
668236
668587
668937
669288
669638
669988
670339
670689
671039
671390
671861
672216
672566
672917
673267
673622
674296
674801
675244
675634
675987
676338
676688
677038
677389
677740
678089
678440
678790
679141
679494
679845
680196
680547
680897
681248
681599
681951
682302
682652
683002
683353
683738
684090
684439
684790
685143
685493
685843
686193
686614
687097
687534
687887
688237
688588
688938
689288
689639
689989
690339
690690
691040
691390
691781
692133
692483
692834
693183
693654
694006
694357
694707
695058
695408
695830
696181
696532
696882
697233
697583
697933
698283
698634
698984
699335
699693
700045
700395
700745
701096
701446
701796
702147
702497
702848
703198
703551
703907
704262
704612
704963
705313
705664
706014
706447
706989
707391
707846
708388
708869
709363
709946
710386
710831
711277
711741
712106
712456
712807
713157
713508
713857
714208
714558
714909
715259
715669
716020
716370
716720
717071
717421
717772
718122
718473
718823
719174
719616
719978
720328
720678
721028
721379
721729
722080
722430
722780
723130
723524
723943
724296
724647
724999
725351
725702
726152
726603
726958
727310
727719
728077
728432
728787
729141
729492
729842
730193
730543
730894
731247
731757
732246
732725
733139
733544
734057
734565
735003
735378
735796
736172
736545
736919
737292
737668
738043
738518
738892
739266
739650
740005
740356
740706
741057
741407
741757
742108
742458
742809
743159
743532
743903
744255
744606
744957
745307
745657
746056
746542
746919
747292
747720
748073
748423
748774
749125
749476
749826
750176
750527
750877
751227
751659
752010
752361
752711
753062
753412
753763
754113
754464
754814
755165
755537
755905
756256
756607
756957
757308
757658
758009
758359
758710
759060
759411
759792
760144
760494
760845
761195
761546
761897
762248
762598
762949
763299
763684
764242
764698
765199
765710
766214
766567
766918
767269
767661
768012
768362
768713
769063
769414
769764
770115
770466
770817
771167
771538
771904
772254
772605
772956
773335
773716
774184
774537
774887
775239
775620
775972
776323
776673
777023
777374
777725
778075
778426
778777
779127
779480
779865
780230
780582
780933
781283
781633
781984
782335
782685
783036
783386
783773
784125
784476
784826
785177
785552
786215
786570
786922
787272
787689
788042
788393
788744
789095
789445
789796
790146
790498
790848
791199
791617
791969
792319
792670
793021
793371
793722
794299
794918
795371
795779
796132
796524
796879
797230
797581
797931
798282
798632
798983
799334
799746
800098
800449
800799
801151
801501
801852
802202
802553
802904
803254
803675
804058
804443
804826
805176
805683
806167
806520
806874
807225
807641
807994
808344
808695
809045
809396
809746
810098
810448
810800
811150
811532
811918
812269
812619
812970
813321
813672
814072
814507
814859
815210
815597
815950
816300
816651
817001
817353
817703
818054
818405
818757
819108
819458
819846
820198
820548
820899
821249
821600
821950
822302
822674
823298
823847
824481
824943
825374
825854
826206
826557
826907
827257
827678
828030
828381
828731
829082
829433
829784
830134
830485
830836
831187
831540
831892
832242
832593
832944
833295
833645
833996
834346
834698
835048
835399
835751
836103
836453
836804
837155
837506
837856
838207
838557
838908
839259
839612
839963
840314
840664
841015
841366
841717
842067
842418
842768
843119
843469
843823
844173
844524
844874
845309
845782
846135
846488
846856
847207
847629
847981
848332
848682
849033
849384
849735
850085
850436
850786
851137
851490
851874
852224
852575
852925
853276
853626
853977
854387
855054
855487
855862
856214
856567
856919
857272
857623
857976
858328
858680
859032
859383
859737
860090
860441
860793
861145
861497
861848
862200
862552
862904
863255
863610
863962
864314
864666
865190
865693
866046
866398
866751
867102
867454
867862
868215
868566
868919
869270
869622
869974
870326
870677
871029
871381
871767
872119
872471
872822
873174
873526
873882
874234
874590
874941
875293
875647
876006
876361
876718
877073
877429
877785
878141
878497
878853
879209
879602
879958
880315
880666
881018
881370
881722
882073
882425
882777
883129
883482
883956
884530
885048
885445
885821
886195
886570
886945
887320
887702
888055
888407
888759
889110
889463
889814
890166
890518
890869
891221
891576
891929
892281
892632
892984
893336
893688
894039
894391
894875
895229
895583
895936
896288
896640
896991
897343
897695
898047
898398
898750
899102
899454
899807
900160
900511
900864
901215
901567
901918
902270
902621
902973
903325
903679
904032
904386
904989
905433
905784
906135
906485
906836
907186
907574
907925
908276
908626
908977
909327
909677
910027
910378
910741
911092
911443
911796
912147
912498
912848
913199
913550
913959
914704
915148
915566
915941
916314
916687
917060
917434
917807
918180
918553
918926
919299
919675
920049
920422
920796
921169
921542
921916
922289
922662
923036
923409
923784
924238
924759
925113
925464
925815
926165
926516
926866
927217
927606
927958
928309
928660
929010
929361
929712
930063
930413
930764
931115
931466
931853
932208
932559
932910
933262
933613
933963
934314
934664
935128
935485
935837
936187
936537
936887
937238
937589
937940
938290
938642
938992
939343
939695
940047
940397
940748
941098
941449
941799
942150
942500
942851
943202
943584
944280
944817
945231
945633
946032
946431
946830
947230
947643
948023
948401
948775
949148
949521
949894
950268
950640
951014
951387
951764
952115
952466
952817
953167
953518
953869
954219
954570
954920
955271
955625
955977
956327
956678
957028
957379
957729
958080
958431
958782
959132
959485
959843
960202
960556
960912
961267
961622
961974
962325
962675
963028
963379
963803
964415
964770
965121
965472
965822
966173
966524
966875
967226
967643
967995
968346
968696
969047
969397
969748
970099
970450
970804
971155
971550
971928
972278
972629
972979
973330
973680
974048
974400
974751
975219
975704
976220
976598
976973
977348
977722
978097
978471
978845
979220
979767
980269
980634
980985
981337
981689
982041
982393
982745
983097
983449
983838
984191
984543
984895
985246
985598
985950
986302
986654
987006
987357
987747
988178
988533
988885
989237
989588
989944
990296
990648
990999
991351
991744
992097
992448
992801
993156
993509
993991
994389
994742
995095
995446
995876
996229
996582
996934
997287
997638
997991
998342
998695
999047
999569
1000013
1000367
1000719
1001072
1001424
1001812
1002168
1002520
1002872
1003224
1003657
1004145
1004728
1005210
1005590
1005965
1006339
1006714
1007088
1007463
1007873
1008227
1008578
1008930
1009281
1009634
1009989
1010341
1010693
1011045
1011396
1011805
1012157
1012510
1012861
1013213
1013565
1013917
1014268
1014621
1014972
1015414
1015784