9.26E+08
8.97E+08
8.68E+08
8.41E+08
8.14E+08
7.89E+08
7.64E+08
7.40E+08
7.17E+08
6.94E+08
6.72E+08
6.51E+08
6.31E+08
6.11E+08
5.92E+08
5.73E+08
5.55E+08
5.38E+08
5.21E+08
5.05E+08
4.89E+08
4.74E+08
4.59E+08
4.44E+08
4.31E+08
4.17E+08
4.04E+08
3.91E+08
3.79E+08
3.67E+08
3.56E+08
3.45E+08
3.34E+08
3.24E+08
3.14E+08
3.04E+08
2.94E+08
2.85E+08
2.76E+08
2.68E+08
2.59E+08
2.51E+08
2.44E+08
2.36E+08
2.29E+08
2.22E+08
2.15E+08
2.08E+08
2.02E+08
1.95E+08
1.89E+08
1.83E+08
1.78E+08
1.72E+08
1.67E+08
1.62E+08
1.57E+08
1.52E+08
1.47E+08
1.43E+08
1.38E+08
1.34E+08
1.30E+08
1.26E+08
1.22E+08
1.18E+08
1.15E+08
1.11E+08
1.08E+08
1.04E+08
1.01E+08
9.81E+07
9.51E+07
9.22E+07
8.93E+07
8.66E+07
8.39E+07
8.14E+07
7.89E+07
7.65E+07
7.41E+07
7.18E+07
6.96E+07
6.75E+07
6.54E+07
6.34E+07
6.15E+07
5.96E+07
5.78E+07
5.60E+07
5.43E+07
5.27E+07
5.11E+07
4.95E+07
4.80E+07
4.65E+07
4.51E+07
4.38E+07
4.24E+07
4.11E+07
3.99E+07
3.87E+07
3.75E+07
3.64E+07
3.52E+07
3.42E+07
3.31E+07
3.21E+07
3.12E+07
3.02E+07
2.93E+07
2.84E+07
2.76E+07
2.67E+07
2.59E+07
2.51E+07
2.44E+07
2.36E+07
2.29E+07
2.22E+07
2.16E+07
2.09E+07
2.03E+07
1.97E+07
1.91E+07
1.85E+07
1.79E+07
1.74E+07
1.69E+07
1.64E+07
1.59E+07
1.54E+07
1.49E+07
1.45E+07
1.40E+07
1.36E+07
1.32E+07
1.28E+07
1.24E+07
1.21E+07
1.17E+07
1.13E+07
1.10E+07
1.07E+07
1.04E+07
1.00E+07
9.75E+06
9.46E+06
9.17E+06
8.90E+06
8.63E+06
8.38E+06
8.13E+06
7.88E+06
7.65E+06
7.42E+06
7.20E+06
6.98E+06
6.78E+06
6.57E+06
6.38E+06
6.19E+06
6.00E+06
5.83E+06
5.65E+06
5.48E+06
5.32E+06
5.16E+06
5.01E+06
4.86E+06
4.72E+06
4.58E+06
4.44E+06
4.31E+06
4.18E+06
4.06E+06
3.94E+06
3.82E+06
3.71E+06
3.60E+06
3.49E+06
3.39E+06
3.29E+06
3.19E+06
3.10E+06
3.01E+06
2.92E+06
2.83E+06
2.75E+06
2.67E+06
2.59E+06
2.51E+06
2.44E+06
2.37E+06
2.30E+06
2.23E+06
2.16E+06
2.10E+06
2.04E+06
1.98E+06
1.92E+06
1.86E+06
1.81E+06
1.76E+06
1.70E+06
1.65E+06
1.61E+06
1.56E+06
1.51E+06
1.47E+06
1.43E+06
1.38E+06
1.34E+06
1.30E+06
1.27E+06
1.23E+06
1.19E+06
1.16E+06
1.12E+06
1.09E+06
1.06E+06
1.03E+06
999141
970028
941772
914349
887733
861901
836830
812496
788879
765955
743706
722110
701148
680802
661054
641885
623278
605217
587685
570667
554148
538112
522546
507435
492767
478527
464704
451285
438257
425611
413333
401414
389842
378608
367702
357113
346833
336852
327162
317754
308620
299751
291140
282779
274662
266780
259127
251696
244481
237475
230672
224066
217652
211424
205376
199502
193799
188261
182883
177661
172589
167664
162881
158236
153725
149345
145090
140958
136946
133049
129264
125588
122018
118550
115182
111912
108735
105649
102652
99740.9
96913.4
94167
91499.4
88908.2
86391.3
83946.5
81571.8
79265
77024.2
74847.5
72733.1
70679.1
68683.8
66745.5
64862.5
63033.3
61256.4
59530.1
57853
56223.8
54640.9
53103.2
51609.3
50157.9
48747.8
47377.8
46046.7
44753.5
43497.1
42276.4
41090.3
39937.9
38818.2
37730.3
36673.2
35646.1
34648.1
33678.3
32736.1
31820.5
30930.8
30066.3
29226.2
28409.9
27616.7
26845.9
26096.8
25368.9
24661.5
23974.1
23306.1
22656.9
22026
21412.9
20817
20238
19675.2
19128.2
18596.7
18080.1
17578
17090
16615.7
16154.7
15706.7
15271.3
14848
14436.6
14036.8
13648.1
13270.4
12903.2
12546.3
12199.4
11862.2
11534.4
11215.8
10906
10605
10312.3
10027.8
9751.27
9482.43
9221.08
8967.03
8720.05
8479.95
8246.54
8019.63
7799.03
7584.57
7376.07
7173.37
6976.31
6784.71
6598.44
6417.34
6241.27
6070.08
5903.64
5741.82
5584.48
5431.5
5282.75
5138.13
4997.51
4860.78
4727.83
4598.56
4472.86
4350.64
4231.79
4116.23
4003.85
3894.58
3788.32
3684.99
3584.51
3486.8
3391.79
3299.39
3209.53
3122.15
3037.17
2954.53
2874.16
2796
2719.99
2646.07
2574.18
2504.26
2436.27
2370.13
2305.81
2243.26
2182.42
2123.25
2065.7
2009.72
1955.28
1902.32
1850.82
1800.73
1752
1704.61
1658.51
1613.67
1570.05
1527.63
1486.37
1446.23
1407.18
1369.2
1332.26
1296.32
1261.36
1227.35
1194.27
1162.09
1130.79
1100.33
1070.71
1041.89
1013.85
986.576
960.042
934.229
909.116
884.685
860.917
837.794
815.297
793.41
772.117
751.4
731.244
711.634
692.555
673.992
655.931
638.359
621.262
604.627
588.441
572.693
557.37
542.46
527.953
513.838
500.103
486.739
473.735
461.081
448.769
436.788
425.13
413.786
402.747
392.005
381.552
371.381
361.482
351.85
342.477
333.355
324.479
315.841
307.435
299.254
291.293
283.546
276.006
268.668
261.527
254.578
247.814
241.232
234.826
228.592
222.524
216.619
210.871
205.278
199.834
194.535
189.378
184.359
179.474
174.719
170.091
165.587
161.203
156.936
152.783
148.74
144.806
140.976
137.248
133.62
130.088
126.65
123.304
120.046
116.876
113.79
110.786
107.861
105.015
102.244
99.5467
96.9212
94.3654
91.8774
89.4555
87.0979
84.8029
82.5687
80.3939
78.2767
76.2156
74.2092
72.2559
70.3544
68.5033
66.7012
64.9469
63.2389
61.5762
59.9575
58.3816
56.8474
55.3538
53.8997
52.484
51.1058
49.764
48.4576
47.1857
45.9474
44.7418
43.5681
42.4253
41.3127
40.2295
39.1748
38.1479
37.1481
36.1747
35.2269
34.3042
33.4057
32.5309
31.6791
30.8498
30.0423
29.2561
28.4905
27.7451
27.0194
26.3127
25.6246
24.9546
24.3022
23.6669
23.0484
22.4461
21.8596
21.2886
20.7325
20.1911
19.6638
19.1504
18.6505
18.1637
17.6896
17.228
16.7786
16.3409
15.9146
15.4996
15.0954
14.7018
14.3186
13.9453
13.5819
13.228
12.8833
12.5477
12.2208
11.9025
11.5926
11.2907
10.9967
10.7105
10.4317
10.1602
9.89581
9.63833
9.38759
9.14339
8.90558
8.67398
8.44843
8.22877
8.01484
7.80651
7.60361
7.40601
7.21357
7.02615
6.84362
6.66585
6.49272
6.32411
6.15989
5.99996
5.84419
5.69249
5.54474
5.40084
5.26069
5.12419
4.99125
4.86177
4.73566
4.61284
4.49322
4.37671
4.26323
4.15271
4.04506
3.94022
3.8381
3.73864
3.64176
3.54741
3.45551
3.366
3.27881
3.1939
3.11119
3.03063
2.95216
2.87573
2.80129
2.72878
2.65816
2.58937
2.52237
2.4571
2.39353
2.33161
2.2713
2.21255
2.15533
2.0996
2.04531
1.99242
1.94091
1.89074
1.84187
1.79426
1.74789
1.70272
1.65872
1.61586
1.57412
1.53345
1.49384
1.45526
1.41767
1.38106
1.3454
1.31066
1.27682
1.24386
1.21175
1.18047
1.15
1.12032
1.09141
1.06325
1.03581
1.00909
0.983055
0.957696
0.932992
0.908928
0.885486
0.86265
0.840405
0.818735
0.797625
0.777061
0.757029
0.737514
0.718504
0.699985
0.681945
0.664371
0.64725
0.630573
0.614326
0.598498
0.58308
0.56806
0.553427
0.539173
0.525286
0.511758
0.49858
0.485741
0.473234
0.46105
0.44918
0.437616
0.426351
0.415377
0.404686
0.39427
0.384123
0.374238
0.364608
0.355226
0.346086
0.337182
0.328508
0.320057
0.311824
0.303803
0.295989
0.288377
0.28096
0.273735
0.266696
0.259838
0.253158
0.246649
0.240308
0.23413
0.228111
0.222248
0.216535
0.21097
0.205548
0.200265
0.195119
0.190105
0.18522
0.180461
0.175824
0.171307
0.166906
0.162619
0.158441
0.154372
0.150407
0.146544
0.14278
0.139113
0.135541
0.13206
0.128669
0.125365
0.122146
0.119011
0.115955
0.112978
0.110078
0.107253
0.1045
0.101817
0.0992041
0.0966581
0.0941776
0.0917607
0.0894059
0.0871118
0.0848765
0.0826988
0.080577
0.0785095
0.0764955
0.074533
0.072621
0.0707582
0.0689433
0.0671748
0.0654518
0.0637733
0.0621377
0.0605442
0.0589915
0.0574787
0.0560048
0.0545688
0.0531696
0.0518064
0.0504782
0.049184
0.0479231
0.0466945
0.0454977
0.0443313
0.0431949
0.0420877
0.041009
0.0399579
0.0389338
0.037936
0.0369639
0.0360166
0.0350936
0.0341944
0.0333181
0.0324644
0.0316327
0.0308223
0.0300325
0.0292631
0.0285135
0.027783
0.0270713
0.0263779
0.0257022
0.0250437
0.0244024
0.0237773
0.0231684
0.022575
0.0219969
0.0214335
0.0208846
0.0203498
0.0198287
0.019321
0.0188262
0.0183442
0.0178745
0.0174168
0.016971
0.0165364
0.016113
0.0157005
0.0152987
0.014907
0.0145253
0.0141537
0.0137913
0.0134384
0.0130943
0.0127593
0.0124327
0.0121145
0.0118045
0.0115023
0.011208
0.0109211
0.0106418
0.0103694
0.010104
0.00984549
0.00959357
0.00934809
0.00910901
0.00887593
0.00864872
0.00842742
0.00821189
0.0080017
0.00779714
0.00759769
0.00740334
0.00721391
0.00702939
0.00684954
0.00667436
0.00650372
0.00633737
0.00617529
0.00601731
0.00586345
0.00571345
0.00556736
0.00542502
0.00528621
0.00515113
0.00501922
0.00489095
0.00476597
0.00464402
0.0045253
0.00440964
0.00429685
0.00418703
0.00408
0.00397572
0.003874
0.00377494
0.00367838
0.00358441
0.00349273
0.0034034
0.00331644
0.00323167
0.00314908
0.0030686
0.00299018
0.00291366
0.00283929
0.00276674
0.00269601
0.0026271
0.00255982
0.00249452
0.00243076
0.00236862
0.00230798
0.00224912
0.00219171
0.00213562
0.00208099
0.00202782
0.00197599
0.00192554
0.00187637
0.00182838
0.00178168
0.00173617
0.00169181
0.0016486
0.0016065
0.00156539
0.00152543
0.0014865
0.00144854
0.00141156
0.00137535
0.00134031
0.00130603
0.0012727
0.00124018
0.00120843
0.00117759
0.0011476
0.00111816
0.00108961
0.0010618
0.00103467
0.00100825
0.000982582
0.000957455
0.000932908
0.000909082
0.000885866
0.000863204
0.00084126
0.000819765
0.000798819
0.000778414
0.00075853
0.000739213
0.000720287
0.000701857
0.000683964
0.000666533
0.000649541
0.000632837
0.000616729
0.000601003
0.000585696
0.000570719
0.00055617
0.000541818
0.000528006
0.000514575
0.000501459
0.000488644
0.000476123
0.000464062
0.000452155
0.000440624
0.00042951
0.000418444
0.000407706
0.000397312
0.000387164
0.000377272
0.000367642
0.000358308
0.000349113
0.000340291
0.000331594
0.000323085
0.000314796
0.000306696
0.000298933
0.000291307
0.000283811
0.000276564
0.000269525
0.000262634
0.000255927
0.000249395
0.000243039
0.000236759
0.000230788
0.000224871
0.000219141
0.00021353
0.000208086
0.000202825
0.000197554
0.000192523
0.000187667
0.000182859
0.000178261
0.000173634
0.00016926
0.000164991
0.000160805
0.000156659
0.000152689
0.000148779
0.000144995
0.000141311
0.000137697
0.000134192
0.000130801
0.000127417
0.000124203
0.000121049
0.000117928
0.000114907
0.000112038
0.000109133
0.000106342
0.000103624
0.000100944
9.84E-05
0
1
2
3
4
5
6
7
8
9
10
11
12
13
14
15
16
17
18
19
20
21
22
23
24
25
26
27
28
29
30
31
32
33
34
35
36
37
38
39
40
41
42
43
44
45
46
47
48
49
50
51
52
53
54
55
56
57
58
59
60
61
62
63
64
65
66
67
68
69
70
71
72
73
74
75
76
77
78
79
80
81
82
83
84
85
86
87
88
89
90
91
92
93
94
95
96
97
98
99
100
101
102
103
104
105
106
107
108
109
110
111
112
113
114
115
116
117
118
119
120
121
122
123
124
125
126
127
128
129
130
131
132
133
134
135
136
137
138
139
140
141
142
143
144
145
146
147
148
149
150
151
152
153
154
155
156
157
158
159
160
161
162
163
164
165
166
167
168
169
170
171
172
173
174
175
176
177
178
179
180
181
182
183
184
185
186
187
188
189
190
191
192
193
194
195
196
197
198
199
200
201
202
203
204
205
206
207
208
209
210
211
212
213
214
215
216
217
218
219
220
221
222
223
224
225
226
227
228
229
230
231
232
233
234
235
236
237
238
239
240
241
242
243
244
245
246
247
248
249
250
251
252
253
254
255
256
257
258
259
260
261
262
263
264
265
266
267
268
269
270
271
272
273
274
275
276
277
278
279
280
281
282
283
284
285
286
287
288
289
290
291
292
293
294
295
296
297
298
299
300
301
302
303
304
305
306
307
308
309
310
311
312
313
314
315
316
317
318
319
320
321
322
323
324
325
326
327
328
329
330
331
332
333
334
335
336
337
338
339
340
341
342
343
344
345
346
347
348
349
350
351
352
353
354
355
356
357
358
359
360
361
362
363
364
365
366
367
368
369
370
371
372
373
374
375
376
377
378
379
380
381
382
383
384
385
386
387
388
389
390
391
392
393
394
395
396
397
398
399
400
401
402
403
404
405
406
407
408
409
410
411
412
413
414
415
416
417
418
419
420
421
422
423
424
425
426
427
428
429
430
431
432
433
434
435
436
437
438
439
440
441
442
443
444
445
446
447
448
449
450
451
452
453
454
455
456
457
458
459
460
461
462
463
464
465
466
467
468
469
470
471
472
473
474
475
476
477
478
479
480
481
482
483
484
485
486
487
488
489
490
491
492
493
494
495
496
497
498
499
500
501
502
503
504
505
506
507
508
509
510
511
512
513
514
515
516
517
518
519
520
521
522
523
524
525
526
527
528
529
530
531
532
533
534
535
536
537
538
539
540
541
542
543
544
545
546
547
548
549
550
551
552
553
554
555
556
557
558
559
560
561
562
563
564
565
566
567
568
569
570
571
572
573
574
575
576
577
578
579
580
581
582
583
584
585
586
587
588
589
590
591
592
593
594
595
596
597
598
599
600
601
602
603
604
605
606
607
608
609
610
611
612
613
614
615
616
617
618
619
620
621
622
623
624
625
626
627
628
629
630
631
632
633
634
635
636
637
638
639
640
641
642
643
644
645
646
647
648
649
650
651
652
653
654
655
656
657
658
659
660
661
662
663
664
665
666
667
668
669
670
671
672
673
674
675
676
677
678
679
680
681
682
683
684
685
686
687
688
689
690
691
692
693
694
695
696
697
698
699
700
701
702
703
704
705
706
707
708
709
710
711
712
713
714
715
716
717
718
719
720
721
722
723
724
725
726
727
728
729
730
731
732
733
734
735
736
737
738
739
740
741
742
743
744
745
746
747
748
749
750
751
752
753
754
755
756
757
758
759
760
761
762
763
764
765
766
767
768
769
770
771
772
773
774
775
776
777
778
779
780
781
782
783
784
785
786
787
788
789
790
791
792
793
794
795
796
797
798
799
800
801
802
803
804
805
806
807
808
809
810
811
812
813
814
815
816
817
818
819
820
821
822
823
824
825
826
827
828
829
830
831
832
833
834
835
836
837
838
839
840
841
842
843
844
845
846
847
848
849
850
851
852
853
854
855
856
857
858
859
860
861
862
863
864
865
866
867
868
869
870
871
872
873
874
875
876
877
878
879
880
881
882
883
884
885
886
887
888
889
890
891
892
893
894
895
896
897
898
899
900
901
902
903
904
905
906
907
908
909
910
911
912
913
914
915
916
917
918
919
920
921
922
923
924
925
926
927
928
929
930
931
932
933
934
935
936
937
938
939
940
941
942
943
944
945
946
947
948
949
950
951
952
953
954
955
956
957
958
959
960
961
962
963
964
965
966
967
968
969
970
971
972
973
974
975
976
977
978
979
980
981
982
983
984
985
986
987
988
989
990
991
992
993
994
995
996
997
998
999
1000
1001
1002
1003
1004
1005
1006
1007
1008
1009
1010
1011
1012
1013
1014
1015
1016
1017
1018
1019
1020
1021
1022
1023
1024
1025
1026
1027
1028
1029
1030
1031
1032
1033
1034
1035
1036
1037
1038
1039
1040
1041
1042
1043
1044
1045
1046
1047
1048
1049
1050
1051
1052
1053
1054
1055
1056
1057
1058
1059
1060
1061
1062
1063
1064
1065
1066
1067
1068
1069
1070
1071
1072
1073
1074
1075
1076
1077
1078
1079
1080
1081
138
297
443
589
734
880
1025
1240
1387
1532
1678
1823
1968
2113
2259
2404
2549
2695
2929
3076
3222
3367
3512
3658
3803
3949
4094
4239
4384
4530
4675
4820
4965
5174
5322
5467
5613
5758
5903
6049
6194
6339
6484
6630
6775
6921
7066
7211
7357
7565
7849
8083
8289
8468
8638
8804
8969
9255
10090
10796
10983
11161
11417
11597
11771
11949
12136
12317
12502
12682
12867
13041
13242
13410
13576
13735
13930
14132
14311
14497
14674
14851
15116
15302
15475
15647
15819
15991
16163
16334
16506
16677
16848
17019
17200
17347
17493
17638
17783
17928
18073
18219
18364
18509
18654
18799
18944
19090
19235
19380
19526
19671
19816
19961
20106
20252
20397
20542
20687
20833
20978
21218
21365
21510
21655
21800
21946
22092
22237
22382
22527
22673
22818
22964
23109
23254
23399
23545
23691
23836
23982
24127
24272
24418
24565
24713
24864
25010
25226
25375
25521
25668
25814
25959
26104
26250
26395
26540
26685
26830
26976
27121
27267
27412
27558
27703
27848
27994
28139
28284
28432
28579
28727
28961
29257
29417
29566
29714
29860
30008
30154
30301
30448
30595
30742
30889
31036
31183
31330
31477
31623
31771
31917
32064
32211
32360
32609
32799
32994
33175
33330
33477
33624
33772
33919
34066
34213
34359
34506
34651
34797
34942
35087
35232
35378
35523
35668
35814
35959
36104
36251
36396
36542
36687
36833
36979
37191
37337
37543
37867
38147
38425
38672
38849
39005
39160
39315
39469
39624
39778
39933
40088
40242
40397
40551
40706
40860
41015
41209
41365
41520
41674
41829
41983
42138
42293
42447
42602
42757
42911
43066
43221
43375
43530
43685
43839
43994
44149
44303
44458
44613
44767
44922
45126
45332
45495
45640
45785
45931
46075
46221
46365
46511
46656
46801
46947
47092
47237
47382
47530
47676
47821
47966
48112
48257
48402
48548
48693
48838
48983
49190
49337
49483
49628
49774
49919
50064
50209
50354
50500
50645
50790
50935
51081
51226
51371
51516
51661
51806
51951
52097
52242
52387
52628
52892
53176
53325
53474
53619
53764
53910
54055
54200
54345
54490
54635
54780
54925
55071
55216
55361
55506
55652
55797
55942
56087
56232
56377
56522
56668
56813
56958
57107
57253
57398
57543
57689
57834
57979
58124
58270
58415
58560
58705
58850
58995
59140
59285
59431
59576
59721
59866
60011
60156
60301
60446
60591
60736
60881
61027
61174
61320
61465
61610
61755
61900
62046
62191
62336
62481
62626
62771
62917
63062
63207
63352
63497
63643
63788
63933
64079
64224
64369
64514
64660
64805
64950
65099
65245
65391
65536
65681
65826
65971
66116
66261
66407
66552
66697
66842
66987
67132
67277
67422
67579
67725
67870
68015
68160
68305
68451
68596
68741
68886
69031
69180
69419
69719
70000
70211
70410
70668
70816
70962
71107
71252
71398
71543
71688
71833
71979
72253
72437
72641
72796
72950
73125
73273
73418
73563
73709
73854
73999
74144
74290
74435
74581
74726
74872
75017
75162
75308
75453
75599
75744
75889
76035
76180
76326
76471
76617
76762
76908
77053
77204
77349
77495
77640
77786
77931
78077
78225
78458
78719
78942
79124
79271
79417
79562
79708
79854
79999
80144
80290
80435
80581
80726
80872
81018
81227
81375
81521
81666
81812
81958
82103
82248
82394
82539
82684
82830
82975
83121
83266
83412
83557
83702
83847
83992
84138
84283
84428
84574
84719
84865
85010
85225
85372
85517
85662
85808
85953
86098
86243
86389
86534
86679
86825
86970
87115
87261
87406
87551
87696
87842
87987
88132
88278
88423
88568
88714
88859
89004
89218
89364
89510
89655
89800
89945
90090
90235
90380
90525
90670
90815
90961
91106
91251
91396
91544
91820
92038
92216
92362
92508
92653
92798
92943
93130
93293
93438
93583
93729
93874
94019
94164
94309
94454
94600
94744
94890
95035
95180
95325
95471
95616
95761
95907
96052
96197
96342
96487
96632
96777
96923
97070
97250
97396
97667
97996
98277
98500
98772
98950
99104
99259
99413
99568
99722
99877
100031
100186
100341
100495
100650
100804
100959
101131
101278
101423
101568
101714
101859
102004
102149
102294
102439
102584
102729
102875
103020
103177
103323
103468
103614
103759
103904
104049
104194
104339
104484
104629
104774
104919
105067
105213
105358
105503
105649
105794
105939
106084
106229
106374
106519
106664
106809
106955
107100
107245
107390
107535
107681
107826
107971
108116
108262
108407
108552
108697
108842
108987
109134
109280
109425
109686
109835
109982
110128
110273
110418
110563
110708
110853
110998
111143
111288
111433
111578
111723
111868
112014
112236
112437
112634
112802
112969
113164
113322
113467
113612
113757
113902
114047
114192
114337
114482
114628
114772
114918
115063
115208
115353
115498
115643
115788
115933
116078
116223
116368
116513
116658
116803
116948
117096
117242
117387
117532
117677
117822
117967
118112
118257
118403
118548
118693
118838
118983
119128
119273
119418
119563
119708
119853
119999
120144
120289
120434
120581
120726
120871
121016
121164
121310
121455
121600
121745
121890
122035
122180
122325
122471
122616
122761
122906
123051
123196
123342
123487
123632
123777
123922
124067
124212
124357
124502
124647
124792
124937
125084
125230
125375
125520
125665
125810
125956
126101
126246
126391
126536
126681
126826
126973
127118
127263
127408
127646
127955
128257
128447
128624
128797
128963
129144
129291
129437
129583
129728
129874
130019
130165
130311
130457
130602
130748
130894
131040
131185
131330
131476
131621
131767
131913
132145
132388
132567
132747
132893
133038
133188
133336
133482
133627
133773
133918
134064
134209
134355
134500
134656
134803
134948
135093
135239
135384
135529
135674
135819
135963
136108
136253
136398
136544
136689
136834
136979
137127
137274
137419
137564
137709
137854
137999
138144
138289
138435
138580
138725
138870
139015
139160
139305
139450
139595
139740
139885
140030
140175
140320
140466
140611
140756
140901
141046
141193
141340
141485
141630
141775
141920
142066
142211
142356
142501
142646
142791
142936
143081
143227
143372
143517
143662
143807
143952
144097
144242
144388
144533
144678
144823
144968
145116
145262
145408
145553
145698
145844
145989
146134
146279
146424
146569
146715
146860
147005
147150
147296
147441
147587
147734
147879
148024
148169
148315
148460
148605
148750
148896
149041
149189
149335
149481
149626
149855
150021
150167
150313
150458
150603
150749
150894
151039
151184
151330
151475
151620
151784
152039
152248
152404
152559
152713
152868
153022
153231
153379
153524
153670
153815
153960
154107
154253
154398
154543
154689
154834
154979
155124
155270
155415
155560
155706
155851
155996
156141
156286
156432
156577
156722
156867
157013
157192
157339
157586
157912
158339
158541
158829
159014
159189
159355
159520
159685
159850
160015
160180
160345
160511
160676
160841
161006
161179
161346
161511
161676
161841
162006
162171
162337
162502
162667
162833
162998
163164
163339
163506
163671
163837
164002
164168
164333
164498
164664
164829
164994
165177
165358
165556
165724
165928
166081
166226
166371
166516
166661
166807
166952
167097
167242
167388
167533
167678
167824
167969
168115
168260
168406
168551
168697
168842
168988
169198